# Position (bp)	A	C	G	T	N
0.0	18.590664641405642	29.302567839402275	18.896249846052793	33.20743872901186	0.0030789441274272343
1.0	22.133503017365243	23.330185968225297	22.194568742559216	32.34174227185024	0.0
2.0	24.892493534217333	25.577815181247175	23.740968430559548	25.788722853975944	0.0
3.0	25.93189375590131	25.987058171517713	22.262048934685332	25.81899913789564	0.0
4.0	24.25669157190361	27.091116219877666	23.841290693378216	24.81090151484051	0.0
5.0	23.98471817398087	26.543064165195617	25.334065437825853	24.135586436224806	0.0025657867728560288
6.0	24.99486842645429	25.653762469723716	25.379736442382693	23.971632661439305	0.0
7.0	23.8184551910998	27.15551746787635	24.79576337288066	24.23026396814319	0.0
8.0	23.448468738453958	26.70214294511269	25.735097910423256	24.1142904060101	0.0
9.0	24.40602036208383	25.944979268442875	25.227841865429617	24.42115850404368	0.0
10.0	23.997290529167863	26.747044213637672	25.27248655527731	23.983178701917158	0.0
11.0	24.036290488115274	26.55178784022333	25.894946426372183	23.516975245289213	0.0
12.0	24.506599203579785	26.05094626216183	25.210907672728766	24.23154686152962	0.0
13.0	24.097612791986535	26.32702491892114	25.24092737797118	24.33417833244386	2.5657867728560285E-4
14.0	23.9485405804836	26.285715751878158	25.77358471201609	23.991902376944864	2.5657867728560285E-4
15.0	24.615131984071596	25.85851225419763	25.303019417874296	24.22333634385648	0.0
16.0	24.135586436224806	26.436840592799378	25.103144628268815	24.32442834270701	0.0
17.0	24.046810213883983	26.25877499076317	25.87185434541648	23.82256044993637	0.0
18.0	24.492230797651793	25.94651874050659	25.219631347756476	24.34161911408514	0.0
19.0	24.393448006896833	26.25851841208588	25.171137977749495	24.176895603267788	0.0
20.0	24.246941582166755	26.157426413235353	25.912650355104887	23.682981649493	0.0
21.0	24.694671374030133	25.65196641898272	25.3635719857137	24.289790221273453	0.0
22.0	24.370869083295702	25.945492425797447	25.213986616856193	24.469651874050662	0.0
23.0	24.29979678968759	25.81001888419065	25.96037398908001	23.92981033704175	0.0
24.0	24.68825690709799	25.67044008374728	25.129828810706517	24.511474198448212	0.0
25.0	24.276704708731884	25.855689888747484	25.353821995976844	24.513783406543784	0.0
26.0	24.254125785130753	25.883143807217046	25.668130875651713	24.194599532000495	0.0
27.0	24.75137526171025	25.352282523913132	25.399236421856397	24.49710579252022	0.0
28.0	24.437579539389958	25.813867564349934	25.17806560203621	24.5704872942239	0.0
29.0	24.557914939036905	25.625282236545015	25.798216265035514	24.01858655938257	0.0
30.0	24.87908676456227	25.267396857540824	25.430584752339886	24.422931625557023	0.0
31.0	24.51896943919913	25.60558714194813	25.371415617102507	24.504027801750233	0.0
32.0	24.641570111626415	25.507334046832426	25.862015479828138	23.989080361713018	0.0
33.0	24.88813707301102	25.30336810048695	25.28491916247018	24.523575664031846	0.0
34.0	24.613431742043552	25.376360971524285	25.43027638190955	24.579930904522612	0.0
35.0	24.519272692680687	25.4438651611761	26.014369630876473	24.02249251526674	0.0
36.0	24.851593167402907	25.15776582204015	25.48773704983261	24.502903960724332	0.0
37.0	24.704743885481015	25.476191121580193	25.406256691884625	24.412808301054167	0.0
38.0	24.834190029651694	25.248542882078755	25.922520146358792	23.99474694191076	0.0
39.0	25.159896791978685	24.769925115352613	25.57984473972472	24.490333352943978	0.0
40.0	24.72311958603734	25.35006718316704	25.71228451356528	24.214528717230337	0.0
41.0	25.001388121768965	25.1027940699438	26.011356297250938	23.8844615110363	0.0
42.0	25.11671502966164	24.87445086289765	25.788107195155913	24.2207269122848	0.0
43.0	24.812624609250005	25.262140940753685	25.839958648189626	24.08527580180668	0.0
44.0	24.840780484712074	25.199004580830252	26.260045332783843	23.700169601673828	0.0
45.0	25.29590591222794	24.96572170936591	25.592384492795833	24.145987885610317	0.0
46.0	24.79825407298381	25.39105719941126	25.590350031298108	24.220338696306822	0.0
47.0	24.918962296880093	25.2126254113211	26.130760685587727	23.73765160621108	0.0
48.0	25.18293790647822	24.943138466010247	25.908512880136612	23.965410747374925	0.0
49.0	24.999528652284905	25.32984913102335	25.878874949565795	23.79174726712595	0.0
50.0	24.818267674570798	25.119620037384937	26.499414145926647	23.562698142117615	0.0
51.0	25.274200850848604	24.936471874273455	25.793846643308438	23.995480631569503	0.0
52.0	24.776586427678623	25.41387842560392	26.024386303536357	23.785148843181105	0.0
53.0	24.91612634452683	25.425794528379654	26.47349503849103	23.184584088602488	0.0
54.0	24.82719373733448	25.218610332287707	26.284133285215926	23.670062645161888	0.0
55.0	24.672774235989515	25.454923623136533	26.13356035174956	23.738741789124397	0.0
56.0	24.4523329653524	25.430689609771413	26.585778380951414	23.53119904392477	0.0
57.0	24.75611825083768	25.333481783093692	26.26712474021292	23.643275225855707	0.0
58.0	24.420393271841803	25.592656556289185	26.50503390178755	23.481916270081467	0.0
59.0	24.591394845288818	25.467975134455546	26.810784382202975	23.129845638052664	0.0
60.0	24.837885156197576	25.204511764382925	26.47519932652949	23.482403752890004	0.0
61.0	24.59693162398633	25.522436779549277	26.295611211029257	23.585020385435136	0.0
62.0	24.56989247311828	25.46505376344086	27.00336021505376	22.961693548387096	0.0
63.0	24.848198480926957	25.466688293828497	26.4638885166823	23.22122470856224	0.0
64.0	24.630979903965855	25.460163613729325	26.58797201968107	23.32088446262375	0.0
65.0	24.715880323105804	25.43172948846774	26.9452168968445	22.907173291581955	0.0
66.0	24.651478810402836	25.23023272947552	26.716819882284565	23.401468577837083	0.0
67.0	24.452664630736805	25.81874489225343	26.469955697019227	23.258634779990537	0.0
68.0	24.302363458684713	25.60081798110681	27.135437402729018	22.96138115747946	0.0
69.0	24.484816135120195	25.436071448996323	26.807671044855784	23.2714413710277	0.0
70.0	24.093191403896363	26.06848764812211	26.6690098413336	23.16931110664792	0.0
71.0	24.20601312724963	25.790810925259365	27.2083421554097	22.794833792081302	0.0
72.0	24.51390049584935	25.188032759485207	26.965290545434286	23.332776199231155	0.0
73.0	24.289302565787928	25.89497406042395	26.983027770604945	22.832695603183172	0.0
74.0	24.034866156551026	25.716266745907934	27.380333308570435	22.86853378897061	0.0
75.0	24.453064796311537	25.658607943784855	26.661703433773493	23.224011598291604	0.002612227838512075
76.0	24.408027124624418	25.914491275463792	26.712517573117957	22.960829175510653	0.004134851283182181
77.0	23.85407875207357	25.812694624719885	27.73056663077326	22.601204854340676	0.0014551380926049883
78.0	24.422482824339486	25.599803267602173	26.949264558965925	23.025375405376327	0.0030739437160905584
79.0	23.766750588808577	25.933566149597986	27.226508568179973	23.071550393892633	0.0016242995208316413
80.0	24.174558704731787	25.652704491156907	27.479761434145168	22.69297536996614	0.0
81.0	24.477405751263316	25.42807285418257	27.131275675282655	22.961428000145418	0.001817719126040644
82.0	23.966719827834677	25.970831812155332	27.400418884384063	22.65818649962531	0.003842976000614876
83.0	24.002760804693366	25.829763910598647	27.313696433283933	22.85174884797304	0.002030003451005867
84.0	24.63752550746429	25.518204274514016	27.03039415744818	22.813876060573516	0.0
85.0	24.33451439992732	25.79721995094031	26.81702552920869	23.051240119923687	0.0
86.0	24.090996537129666	25.509811465948438	27.426414005386686	22.967968449403617	0.004809542131589073
87.0	24.27861963580797	25.648796638227427	27.103017954921686	22.967018973640645	0.0025467974022666496
88.0	23.851575791946853	26.22269032380026	26.981554997434444	22.944178886818438	0.0
89.0	24.14405638483798	26.175400395381487	27.284187605649947	22.396355614130588	0.0
90.0	23.984037043806737	25.93371108267836	27.3228538353744	22.7593980381405	0.0
91.0	24.002070259429384	26.16290353884971	26.893963899851197	22.941062301869703	0.0
92.0	23.989968393568777	25.64587055105126	27.88580458980349	22.474920983921944	0.003435481654527965
93.0	23.871816421237256	26.228669565535135	27.343150509738006	22.55270946760697	0.0036540358826323673
94.0	23.963223028281025	26.108546378554525	27.377119137215345	22.547232028552585	0.0038794273965162738
95.0	24.30025969743188	25.450348324333238	27.849457933138215	22.399934045096664	0.0
96.0	23.83549593138333	26.065537717176163	26.989223663954252	23.109742687486253	0.0
97.0	23.49990624414026	26.83292705794112	27.236077254828427	22.42640165010313	0.004687792987061692
98.0	24.322296689006702	26.16785035510653	27.648294488346504	21.861558467540263	0.0
99.0	24.174478057094163	25.21836386876864	28.25948018747337	22.347677886663824	0.0
100.0	24.243630573248407	26.273885350318473	26.768653321201093	22.713830755232028	0.0
101.0	23.677015614557384	26.180205358770277	27.589768515705693	22.553010510966644	0.0
102.0	24.3999478215497	25.41742760240021	28.117662405426557	22.05843986433603	0.006522306287503261
103.0	23.442864149092692	26.88292580396553	26.86891333286625	22.805296714075528	0.0
104.0	23.373114163476693	26.675673647076486	27.9966974405164	21.95451474893042	0.0
105.0	24.142363621756246	25.484052382100103	27.30778500843577	23.06579898770788	0.0
106.0	24.33994823123382	25.61691113028473	27.911993097497845	22.131147540983605	0.0
107.0	23.46089850249584	26.742466259937142	28.027361804400076	21.769273433166944	0.0
108.0	24.17005252204935	26.003369339014963	27.311465662471505	22.515112476464175	0.0
109.0	23.729173299373873	25.957762920513638	27.9847182425979	22.32834553751459	0.0
110.0	22.711207387983126	27.37430167597765	27.750541557405086	22.163949378634136	0.0
111.0	23.983392355598973	26.083770912199295	28.294052997924048	21.614360727805593	0.024423006472096716
112.0	23.972152896361486	25.719164586890848	27.991593327203468	22.317089189544202	0.0
113.0	23.735795454545457	27.116477272727273	28.025568181818183	21.12215909090909	0.0
114.0	24.20245398773006	26.564417177914113	27.346625766871163	21.886503067484664	0.0
115.0	24.458513828723756	24.891702765744753	27.890703098967013	22.759080306564478	0.0
116.0	22.707502718376222	26.621964479884014	28.832910474809715	21.83762232693005	0.0
117.0	24.43438914027149	26.32303757623451	27.10997442455243	22.13259885894157	0.0
118.0	24.653444231179357	26.231605886116444	28.300277244615057	20.814672638089146	0.0
119.0	23.346576302874503	26.010750175274598	28.79177377892031	21.85089974293059	0.0
120.0	23.49782664280235	26.387113270263356	27.742265405267197	22.372794681667095	0.0
121.0	23.86459802538787	26.459802538787024	28.801128349788435	20.87447108603667	0.0
122.0	24.622960911049553	25.884887657740848	28.470298553401047	21.021852877808556	0.0
123.0	24.54422687373396	24.78055367994598	27.5489534098582	23.12626603646185	0.0
124.0	25.5675474506885	23.595087458131744	28.35876442128768	22.478600669892074	0.0
125.0	22.58329905388729	25.42163718634307	29.411764705882355	22.58329905388729	0.0
126.0	22.32965009208103	26.19705340699816	28.68324125230203	22.790055248618785	0.0
127.0	25.454545454545453	25.870129870129873	28.31168831168831	20.363636363636363	0.0
128.0	25.529411764705884	24.705882352941178	28.647058823529413	21.11764705882353	0.0
129.0	22.78820375335121	27.412868632707777	28.55227882037534	21.246648793565683	0.0
130.0	24.03993855606759	27.49615975422427	25.65284178187404	22.811059907834103	0.0
131.0	25.110913930789707	24.66725820763088	29.281277728482696	20.940550133096718	0.0
132.0	25.181347150259064	25.59585492227979	27.979274611398964	21.243523316062177	0.0
133.0	25.953259532595325	25.461254612546124	28.53628536285363	20.04920049200492	0.0
134.0	25.347758887171562	22.720247295208658	29.36630602782071	22.56568778979907	0.0
135.0	22.090729783037474	28.205128205128204	30.76923076923077	18.93491124260355	0.0
136.0	29.838709677419356	23.387096774193548	30.107526881720432	16.666666666666664	0.0
137.0	34.04255319148936	20.851063829787233	24.25531914893617	20.851063829787233	0.0
138.0	33.035714285714285	18.75	25.892857142857146	22.321428571428573	0.0
139.0	21.428571428571427	35.714285714285715	35.714285714285715	7.142857142857142	0.0
140.0	28.57142857142857	0.0	57.14285714285714	14.285714285714285	0.0
