#Position (bp)	Coverage	Std
4086.0	2.0666993024109654	1.7004610373562694
12257.0	2.29127401786807	2.106281436712013
20428.0	1.404601639946151	1.6394879368697268
28599.0	1.3295802227389548	1.5573718011241655
36770.0	1.33019214294456	1.689956799329657
44941.0	1.9366050666993024	2.194384305892738
53112.0	1.084077836250153	1.4373039393681208
61283.0	1.1960592338759026	1.4135210841519357
69454.0	1.1948353934646923	1.4216794431635915
77625.0	1.3632358340472401	2.1070947401075752
85796.0	1.498103047362624	1.8332118724205606
93967.0	0.8675804675070371	1.3508769141397727
102138.0	1.287969648757802	1.5329370416181636
110309.0	1.3589523926080038	1.6567526291702803
118480.0	1.0056296658915678	1.1495663860886707
126651.0	1.0638844694651817	1.2683121999314368
134822.0	1.1922653286011504	1.3708416945123663
142993.0	0.954473136702974	1.5067262401628412
151164.0	1.3997062783013094	1.6250170630699954
159335.0	1.168278056541427	1.5010704783851514
167506.0	3.383796352955575	23.262884423526717
175677.0	1.2924978582792803	1.7324747064512809
183848.0	1.417207196181618	1.6381437268020764
192019.0	1.0815077713866112	1.112396080438444
200190.0	1.0170113817158242	1.1088699027131483
208361.0	1.0187247582915189	1.2987760541260622
216532.0	1.4184310365928283	1.7274164786215118
224703.0	1.3004528209521478	1.5040841067315298
232874.0	1.6367641659527599	1.930216921448922
241045.0	1.122873577285522	1.378675648095243
249216.0	1.300819973075511	1.6812077294880512
257387.0	1.2512544364214906	1.5523342970099046
265558.0	1.1187125198874066	1.309287311472305
273729.0	1.226777628197283	1.4319295460817434
281900.0	1.0567861950801616	1.4228411043486928
290071.0	1.5067923142822175	1.6454489179919016
298242.0	1.2808713743727818	1.4053153637423121
306413.0	1.625137682046261	2.8199335906862335
314584.0	1.0282707134989597	1.3278043893547238
322755.0	1.071839432138049	1.3008004276365643
330926.0	1.3408395545220904	1.5417734044579696
339097.0	1.5610084444988372	1.920268512207829
347268.0	1.2765879329335454	1.4986225470785381
355439.0	1.0761228735772854	1.1903623095929137
363610.0	0.7953738832456247	1.2068522997374083
371781.0	1.3862440337779953	1.8774078896941626
379952.0	1.262024232040142	1.7386096260082402
388123.0	0.8657447068902215	1.473712045731437
396294.0	1.2809937584139028	1.593110242503036
404465.0	1.245869538612165	2.4104573707623187
412636.0	1.1745196426386	1.408968250538086
420807.0	1.4411944682413413	1.6034093525452697
428978.0	1.3900379390527475	1.6078683045078048
437149.0	1.4553910170113817	1.661142069528082
445320.0	1.6393342308163015	1.997612085664421
453491.0	1.2461143066944071	1.4899820488635511
461662.0	1.110145637008934	1.3374014958059408
469833.0	1.0086892669195937	1.1914413510378585
478004.0	1.3304369110268022	1.5768565449831273
486175.0	1.0983967690613143	1.358735905285076
494346.0	1.3066944070493207	1.7363908652886562
502517.0	1.722065842614123	2.038096351914979
510688.0	1.4540447925590503	1.7036607406483641
518859.0	1.3580957043201567	1.5539102713213773
527030.0	2.31367029739322	12.956131323871716
535201.0	1.4870884836617304	1.7137953795199083
543372.0	1.2063394933300697	1.524089597260377
551543.0	1.051401297270836	1.350831615381678
559714.0	1.3037571900624159	1.8336123847959664
567885.0	1.4158609717292865	1.6845166598856727
576056.0	1.2934769306082488	1.5627846699438253
584227.0	1.2063394933300697	1.318508742528597
592398.0	1.1741524905152367	1.401827574375859
600569.0	1.2327744462122139	1.5281793980654377
608740.0	1.4061926324807246	1.8172536877415009
616911.0	1.2632480724513524	1.4629600511034841
625082.0	1.0543385142577408	1.1729626551100027
633253.0	1.4052135601517561	1.6920556308778854
641424.0	1.3161179782156407	1.6212470666608867
649595.0	1.2100110145637009	1.5075382726875204
657766.0	1.2157630644963897	1.416461778565978
665937.0	1.0168889976747033	1.2458227841458838
674108.0	1.1122261657079917	1.3594112773284144
682279.0	1.5410598457961082	1.6824811651634037
690450.0	1.3306816791090441	1.6402715506905847
698621.0	1.1888385754497615	1.6211715773089186
706792.0	1.042467262269	1.1421433772995149
714963.0	1.0663321502876024	1.3522351712588407
723134.0	1.7093379023375352	2.5269323982825793
731305.0	1.1223840411210377	1.357789820055856
739476.0	1.0882388936482683	1.29783340916654
747647.0	1.692693672745074	1.9581973282599374
755818.0	1.4841512666748256	1.66187865260327
763989.0	1.3879574103536898	1.5185388051685063
772160.0	1.2052380369599804	1.473628998646435
780331.0	7.164361767225554	67.59780034642723
788502.0	1.7485007954962672	1.9805380334571672
796673.0	1.2961693795129114	1.676067802892324
804844.0	1.207196181617917	1.3928502503322788
813015.0	1.3580957043201567	1.6144388882069034
821186.0	1.4170848121404969	1.6655566817405416
829357.0	1.5231917757924367	1.7439161166345674
837528.0	1.3388814098641537	1.5780978590607107
845699.0	1.3451229959613267	1.7518282493301518
853870.0	1.4296903683759639	1.7679616540613392
862041.0	1.4741157753029006	1.730212712316525
870212.0	1.135846285644352	1.3369896426726267
878383.0	1.5898910782034024	1.9440213964402882
886554.0	1.391261779463958	1.6564201815640096
894725.0	1.2112348549749112	1.4808779939103278
902896.0	1.0893403500183576	1.3486101123377887
911067.0	1.2633704564924735	2.4087559040939124
919238.0	1.724758291518786	4.4772367870527185
927409.0	1.5074042344878227	1.803021709325245
935580.0	1.4877004038673356	1.8937962733757856
943751.0	1.5355525639456615	1.6837172947165804
951922.0	1.6332150287602496	1.9313261778599156
960093.0	1.1181005996818014	1.298304817198201
968264.0	1.1860237425039775	1.3074164991836132
976435.0	1.1818626851058622	2.1789931756046834
984606.0	1.2198017378533839	1.611935351383781
992777.0	1.2808713743727818	1.515553919779708
1000948.0	1.3060824868437155	1.6563093508669158
1009119.0	1.1238526496144903	1.3197612182643534
1017290.0	1.0469954717904786	1.1703513097470584
1025461.0	0.9058866723779219	1.429791251506952
1033632.0	1.1929996328478767	1.4341926576026258
1041803.0	1.2190674336066576	1.5262160576591746
1049974.0	1.2026679720964386	1.4919110415397812
1058145.0	1.281483294578387	1.5176923396851723
1066316.0	1.061681556725003	1.0526467158120414
1074487.0	0.8907110512789133	1.4363670022729065
1082658.0	0.8956064129237548	1.3695465724907006
1090829.0	1.0476073919960838	1.2698069702792127
1099000.0	1.112838085913597	1.2400626906273087
1107171.0	1.3359441928772489	1.9241840857970833
1115342.0	1.4137804430302288	1.5885328274463448
1123513.0	1.1464936972218822	1.4662607034130293
1131684.0	1.9040509117611064	5.803170146342372
1139855.0	1.1797821564068045	1.3441560917802222
1148026.0	1.0959490882388936	1.2647368965330157
1156197.0	1.3571166319911883	3.1229448020955326
1164368.0	1.5525639456614857	1.8912095605094454
1172539.0	1.7329580222738954	2.1367689210821457
1180710.0	1.4009301187125198	1.7707975326398078
1188881.0	1.6160812630033043	8.493426515044842
1197052.0	1.2243299473748623	1.4393035343720264
1205223.0	1.271692571288704	1.4985817143456155
1213394.0	1.0203157508260923	1.3327263743130553
1221565.0	0.9077224329947375	1.6871663855216588
1229736.0	1.0963162403622568	1.2288599120292294
1237907.0	1.5023864888018603	1.901406573764953
1246078.0	1.1699914331171215	1.4017839220933386
1254249.0	1.4427854607759147	1.762553970752789
1262420.0	1.3738832456247705	1.7865199154768876
1270591.0	1.2778117733447558	1.5824734593094052
1278762.0	1.045526863297026	1.3047459568795898
1286933.0	1.5121772120915433	1.823942266025208
1295104.0	1.0433239505568475	1.326513378461854
1303275.0	1.426997919471301	1.6908617875593985
1311446.0	1.6727450740423448	1.9972750988134378
1319617.0	1.3780443030228857	1.6415767424778325
1327788.0	1.3781666870640068	1.5992058364408026
1335959.0	1.16509607147228	1.3315320513305247
1344130.0	155.6526740912985	393.1358000900534
1352301.0	1.3405947864398482	1.6225675617969706
1360472.0	1.4296903683759639	1.6183759958771418
1368643.0	1.0189695263737608	1.2067508878385915
1376814.0	1.372537021172439	1.676067802892324
1384985.0	1.2229837229225309	1.5393902001203772
1393156.0	1.6268510586219558	1.9606020370209445
1401327.0	1.0217843593195448	1.124813858871453
1409498.0	1.2499082119691591	1.4917059481220518
1417669.0	1.2639823766980787	1.3875241802848144
1425840.0	1.3036348060212948	1.5382767745354755
1434011.0	1.2954350752661854	1.5018448248273613
1442182.0	0.9608371068412679	1.4886672618888859
1450353.0	1.000489536164484	1.340554832829049
1458524.0	1.332884591849223	1.5778651870566358
1466695.0	1.2663076734793783	1.5004588699669883
1474866.0	1.7012605556235467	2.0309681735427216
1483037.0	1.1542038918125077	1.351601487796507
1491208.0	1.3255415493819607	1.6246027917051913
1499379.0	1.3391261779463959	1.7952670338761672
1507550.0	1.2336311345000612	1.3703505854200977
1515721.0	1.2774446212213928	1.560237469726504
1523892.0	1.5249051523681312	1.8049890743943986
1532063.0	1.3111002325296781	1.877798975603976
1540234.0	1.1560396524293233	1.5742155026107114
1548405.0	1.3513645820584996	1.630768289353258
1556576.0	0.8721086770285155	1.5047755742373816
1564747.0	1.563088973197895	1.9052645600260092
1572918.0	1.627952514992045	5.183961313655885
1581089.0	1.431036592828295	1.7764901543178342
1589260.0	1.4132909068657447	1.6601103041679641
1597431.0	1.3572390160323093	1.6783298515017262
1605602.0	4.206461877371191	31.161589660590312
1613773.0	1.5295557459307307	1.740579483376525
1621944.0	0.9356259943703341	1.4020894595307498
1630115.0	1.3453677640435686	1.6677962964939537
1638286.0	1.6259943703341084	2.9392744395201174
1646457.0	1.0950923999510465	1.3174873263981248
1654628.0	1.3093868559539836	1.6255818084259706
1662799.0	1.4539224085179292	2.26553841295512
1670970.0	1.2818504467017502	2.173876115110462
1679141.0	1.2606780075878106	1.6551636657727935
1687312.0	1.3999510463835516	1.7256089083323518
1695483.0	1.0731856565903806	1.2707704051448845
1703654.0	1.4320156651572635	1.764601132903004
1711825.0	1.226655244156162	1.507822380754948
1719996.0	1.2998409007465426	1.615613452849875
1728167.0	0.9337902337535186	1.4579740773523053
1736338.0	1.0083221147962305	1.19005383233392
1744509.0	1.1570187247582915	1.403092899801369
1752680.0	1.3344755843837963	1.6685666158300332
1760851.0	0.9610818749235099	1.5154327869081738
1769022.0	0.8285399583894261	1.3341948426318755
1777193.0	1.132541916534084	1.3488823296887202
1785364.0	0.780198262146616	1.266815665840997
1793535.0	0.9051523681311957	1.4800926782017998
1801706.0	0.9395422836862073	1.3853615170272757
1809877.0	1.1143066944070492	1.323557767763287
1818048.0	0.9959613266430057	1.523286387930673
1826219.0	0.8681923877126423	1.5302201994382432
1834390.0	1.3692326520621712	1.539946611023366
1842561.0	1.2343654387467875	1.4608252890156086
1850732.0	1.2196793538122628	1.473130617819833
1858903.0	1.197160690245992	1.4184044740442483
1867074.0	0.9388079794394811	1.471260186135612
1875245.0	1.637743238281728	1.9636271539066212
1883416.0	1.145881777016277	4.169710877490218
1891587.0	1.2959246114306695	1.4911315364806068
1899758.0	0.9929017256149798	1.5554453088816065
1907929.0	0.7451964263859993	1.2478349871609484
1916100.0	1.219924121894505	1.5260957710882204
1924271.0	1.5447313670297393	6.649198957406863
1932442.0	1.2827071349895973	1.4594423084420098
1940613.0	0.8989107820340227	1.4833139557335857
1948784.0	1.1542038918125077	1.3825759792031285
1956955.0	0.6195080161546934	1.0496195206700294
1965126.0	0.9053971362134378	1.561766288387057
1973297.0	0.9390527475217232	1.4656345689688326
1981468.0	0.9262024232040142	1.4888316737577276
1989639.0	1.2506425162158854	1.4234000845717205
1997810.0	0.7336923265206217	1.2551692162219084
2005981.0	0.9428466527964754	1.3825759792031285
2014152.0	0.9170236201199363	1.4315876335778048
2022323.0	0.6800881165096071	1.2664774940488763
2030494.0	0.958267041977726	1.5081875839150807
2038665.0	0.8514257740790601	1.3524614148266971
2046836.0	0.9149430914208787	1.4480774014422924
2055007.0	1.090931342552931	1.2320427192367285
2063178.0	0.7914575939297516	1.2587230816795867
2071349.0	1.113817158242565	1.3454756542808166
2079520.0	0.7646554889242443	1.2632361268492966
2087691.0	1.4772977603720474	4.0707246489769515
2095862.0	1.1736629543507526	1.4238299200290712
2104033.0	1.0758781054950435	1.421550311100728
2112204.0	1.3747399339126178	1.7683769447503996
2120375.0	1.2714478032064618	1.5877236784186148
2128546.0	1.1318076122873577	1.2674917387485662
2136717.0	1.0859135968669686	1.2265172780926474
2144888.0	0.9670786929384408	1.4076647362886958
2153059.0	1.5017745685962551	1.8604476480097987
2161230.0	1.1594664055807122	1.4435487758187844
2169401.0	1.126300330436911	1.3884500047673982
2177572.0	1.6445967445845062	5.532881427781824
2185743.0	0.8160567861950802	1.387700575426677
2193914.0	0.9673234610206829	1.4234000845717205
2202085.0	1.0882388936482683	1.3129277280908564
2210256.0	0.7190062415860972	1.4936327144232608
2218427.0	1.371802716925713	1.5801129146077797
2226598.0	0.7865622322849101	1.2729354675090723
2234769.0	1.0283930975400808	1.1279105050726268
2242940.0	1.7751805164606536	4.994391665575154
2251111.0	1.2745074042344877	1.5283795971149474
2259282.0	1.6935503610329212	8.106318369233074
2267453.0	1.1390282707134989	1.3670421748864396
2275624.0	1.278423693550361	2.5782337352321587
2283795.0	0.9646310121160201	1.4786863354574091
2291966.0	1.0554399706278301	1.59337909270077
2300137.0	1.1058621955696977	1.2494522113870374
2308308.0	1.1611797821564067	1.4661354979161743
2316479.0	1.314159833557704	1.7163999061598734
2324650.0	0.8598702729164117	1.3983748456804928
2332821.0	0.6190184799902093	1.1347796617297827
2340992.0	0.7816668706400686	1.2698551593826732
2349163.0	1.2098886305225798	1.4077082062103086
2357334.0	1.1732958022273896	1.646638524703158
2365505.0	1.3759637743238282	1.665813839652682
2373676.0	1.1042712030351243	1.3218923326527687
2381847.0	1.4189205727573124	1.667025621199448
2390018.0	1.278546077591482	1.5151904921129713
2398189.0	1.3122016888997674	1.6109100558164275
2406360.0	0.9014808468975646	1.3580151382267132
2414531.0	1.1856565903806144	1.4276926156812904
2422702.0	1.1670542161302166	1.3680713215560187
2430873.0	1.488924244278546	1.8060058360694127
2439044.0	1.103536898788398	1.2555104339028678
2447215.0	1.158487333251744	1.469345728348583
2455386.0	1.051401297270836	1.160058152062616
2463557.0	1.0767347937828906	1.3358449399484404
2471728.0	0.7420144413168522	1.33144013595739
2479899.0	0.699180026924489	1.2304026124270209
2488070.0	1.32664300575205	1.6093138532316815
2496241.0	1.0629053971362135	1.2528269343278464
2504412.0	1.2505201321747643	1.4892426240191512
2512583.0	1.3555256394566149	1.5535558164893808
2520754.0	1.093746175498715	1.2525338411119213
2528925.0	1.2579855586831477	1.429277584793228
2537096.0	1.1808836127768938	1.3669974118033752
2545267.0	1.0955819361155306	1.2522406792960599
2553438.0	1.1234854974911272	1.32854154660199
2561609.0	1.0179904540447926	1.1842291700536565
2569780.0	0.9131073308040631	1.383505114964535
2577951.0	1.2691225064251621	1.38120325549672
2586122.0	1.220291274017868	1.49694749170644
2594293.0	1.5611308285399583	2.175423748631381
2602464.0	1.2248194835393464	1.4809606344971222
2610635.0	1.1819850691469833	1.4196981274983678
2618806.0	0.9911883490392853	1.536405996194553
2626977.0	1.0981520009790724	1.245577171150546
2635148.0	1.3226043323950556	1.598861423306047
2643319.0	1.1661975278423693	1.343427502477132
2651490.0	1.0813853873454902	1.2856589203131354
2659661.0	1.168400440582548	1.3682949466652417
2667832.0	1.2595765512177213	1.4424462149760606
2676003.0	1.084444988373516	1.2571664595577954
2684174.0	1.1096561008444499	1.426105885041292
2692345.0	0.9017256149798066	1.4100535919079034
2700516.0	1.0689022151511443	1.2906942193019875
2708687.0	1.5151144290784482	1.7853549649852352
2716858.0	1.233386366417819	1.3939920390446419
2725029.0	0.9826214661608126	1.517289094908364
2733200.0	1.1947130094235712	2.651527109097748
2741371.0	1.142210255782646	1.3221700508531056
2749542.0	1.2723044914943091	1.5862970306628132
2757713.0	0.7645331048831232	1.2334822249293835
2765884.0	0.8646432505201321	1.4584776373756159
2774055.0	0.9618161791702362	1.4421067958961278
2782226.0	1.1963040019581446	1.4543180527841135
2790397.0	1.2506425162158854	1.5822801045368264
2798568.0	0.6026190184799902	1.0214922097588255
2806739.0	1.006486354179415	1.2792173442497552
2814910.0	0.712152735283319	1.3388648364565563
2823081.0	0.9030718394321381	1.449808920600858
2831252.0	1.1207930485864643	1.3599963284738106
2839423.0	0.9695263737608616	1.5435980359489596
2847594.0	1.2707134989597357	1.5305000970456237
2855765.0	1.3189328111614245	1.593993437161479
2863936.0	0.7596377432382817	1.2132745965377512
2872107.0	1.1275241708481214	1.3887584757712317
2880278.0	0.9958389426018848	1.5162805137901814
2888449.0	1.2857667360176233	1.5102959174989194
2896620.0	0.8341696242809937	1.2792651788704785
2904791.0	0.9965732468486109	1.5897650245210933
2912962.0	0.7914575939297516	1.253364093880801
2921133.0	0.9472524782768327	1.430304733747067
2929304.0	0.89976747032187	1.3997744455260694
2937475.0	1.4225920939909436	1.7875129497679327
2945646.0	1.1768449394198996	1.4627508984509645
2953817.0	1.1911638722310611	1.4669699993770593
2961988.0	0.967812997185167	1.490597956040609
2970159.0	1.1504099865377555	1.3578348866811585
2978330.0	1.4480479745441195	1.6813169189102128
2986501.0	1.15567250030596	1.7656411525211446
2994672.0	1.3861216497368742	1.6873114557184463
3002843.0	1.074654265083833	1.1045571537659904
3011014.0	0.9638967078692938	1.5177729757843545
3019185.0	0.8585240484640803	1.3861122110273658
3027356.0	1.1499204503732714	1.3525519016574827
3035527.0	0.9700159099253457	1.4602806348414552
3043698.0	0.8287847264716681	1.2857065152754954
3051869.0	1.4749724635907477	1.6794961684260192
3060040.0	1.0045282095214785	1.2047208571508952
3068211.0	1.0684126789866601	1.2668639687280123
3076382.0	1.1151633826948966	1.469345728348583
3084553.0	0.9564312813609105	1.453013108467719
3092724.0	1.200832211479623	1.5696999394437952
3100895.0	1.0778362501529801	1.1754640888842658
3109066.0	1.1893281116142456	1.5556813340682991
3117237.0	1.4246726226900013	1.7335692988075802
3125408.0	1.0739199608371068	1.3770324372103075
3133579.0	0.9607147228001469	1.4344912922040098
3141750.0	1.47289193489169	1.8336457568784303
3149921.0	1.129359931464937	1.2591605349291428
3158092.0	1.1659527597601274	1.4616209569545846
3166263.0	1.365928282951903	1.6736930176168612
3174434.0	1.5577040753885694	1.7976854535324371
3182605.0	1.6190184799902092	1.8751249295466734
3190776.0	1.2754864765634562	1.408446989606248
3198947.0	1.3928527719985313	1.6289286035751294
3207118.0	0.951168767592706	1.4764499789860561
3215289.0	1.5251499204503733	1.7724209295581905
3223460.0	0.9735650471178559	1.4742102299968582
3231631.0	1.1404968792069514	1.3914436857217105
3239802.0	0.8974421735405703	1.4622488100270936
3247973.0	0.9887406682168646	1.5291801312140012
3256144.0	0.8263370456492474	1.4100101942933814
3264216.5	1.5092801605216954	1.8816567312281143
