#Position (bp)	Coverage	Std
4086.0	6.397013829396647	4.0389730310154155
12257.0	7.220046505935626	4.390511124337752
20428.0	3.932321625260066	3.4583735441211068
28599.0	4.134989597356505	2.8703046667881833
36770.0	3.7302655733692327	3.6556262098538745
44941.0	5.076612409741769	2.82905445991987
53112.0	3.476930608248684	3.495998376800762
61283.0	4.09080895851181	2.6858071695034647
69454.0	3.5802227389548404	3.2086881810715773
77625.0	3.7174152490515238	3.3459049839388646
85796.0	4.396646677273283	3.148236642031277
93967.0	3.586586709093134	3.0362715704570196
102138.0	3.7273283563823276	3.2744005085650048
110309.0	3.909558193611553	3.6390335488288503
118480.0	3.7324684861094113	3.2864694072965404
126651.0	3.2692448904662834	2.9436223425246992
134822.0	3.705911149186146	3.5319753792388795
142993.0	2.9624280993758414	3.2434375909954194
151164.0	3.579855586831477	2.996652969106725
159335.0	3.5749602251866355	3.1306359042686633
167506.0	4.639823766980785	6.858421032041378
175677.0	3.801737853383919	3.698974643504725
183848.0	4.55782645942969	3.7011080711856446
192019.0	3.9336678497123976	3.602155353642565
200190.0	4.038183820829764	2.40977184960571
208361.0	3.0466283196671156	3.1073085685530426
216532.0	4.226900012238404	3.217772060131538
224703.0	3.8194835393464692	3.492180540812456
232874.0	4.464080283930976	3.245813888050795
241045.0	3.217231672989842	2.815959725627375
249216.0	4.461387835026312	3.3948530949673286
257387.0	3.86084934524538	3.6639528161056987
265558.0	3.7215763064496388	3.468003297733113
273729.0	2.8375963774323827	3.047396171210017
281900.0	3.572879696487578	3.591794998428095
290071.0	4.5660261901848	3.3535774120806825
298242.0	3.2835638232774444	2.7783319862153295
306413.0	3.8782278790845672	3.642361488051929
314584.0	3.310733080406315	2.9585104760564063
322755.0	3.809080895851181	3.4052016621712506
330926.0	3.786439848243789	3.312119909358124
339097.0	4.16742136825358	2.8796697481272533
347268.0	3.8306204870884835	3.6128925101371907
355439.0	3.254925957655122	2.5799657417281736
363610.0	3.3604210011014564	2.978752316879731
371781.0	3.3026557336923266	3.2907490780297897
379952.0	4.041365805898911	2.939545070814679
388123.0	3.3128136091053726	3.05914047935076
396294.0	3.9720964386244035	3.6711605991039358
404465.0	3.252233508750459	2.72194920331488
412636.0	3.7988006363970137	3.4875866026316054
420807.0	3.9364826826581814	3.7420825732563876
428978.0	4.308040631501652	3.1209847536992874
437149.0	4.410231305837719	3.2326090625251633
445320.0	4.4560029372169865	3.4118082723368834
453491.0	3.7789744217354055	3.3797144420719665
461662.0	3.226532860115041	2.6577278486221685
469833.0	3.143678864276098	2.519851425279436
478004.0	4.004283441439236	2.7124005294187636
486175.0	3.3968914453555255	3.1810885621266527
494346.0	3.663199118834904	3.629318059605008
502517.0	4.689511687675927	3.727287109405023
510688.0	4.792803818382083	3.7930815802180167
518859.0	4.459674458450618	3.6841223259341507
527030.0	4.097295312691225	3.806898131217994
535201.0	4.7308774935748374	3.637536665085608
543372.0	3.7589034389915557	3.6885212597114756
551543.0	2.9762574960225185	3.295320313515772
559714.0	3.741402521111247	3.444331489579498
567885.0	4.08016154693428	2.7116785101990457
576056.0	4.0447925590502996	2.8588976550809564
584227.0	3.288703953004528	2.7609884377423977
592398.0	3.340961938563211	2.8507954389404433
600569.0	4.094113327622078	2.7537982358960122
608740.0	4.486966099620609	3.4135654854149573
616911.0	4.066576918369845	2.6893590430009695
625082.0	3.3319055195202547	2.634672736478697
633253.0	3.6399461510219067	3.1351087876679475
641424.0	4.081018235222127	2.77220234871042
649595.0	3.844572267776282	3.6344400292584074
657766.0	3.9426018847142332	3.6948365867803474
665937.0	3.677273283563823	3.322063107788699
674108.0	3.5257618406559783	2.9995308244880925
682279.0	4.3595643128136095	3.1262936375150687
690450.0	3.640925223350875	3.407680641980488
698621.0	3.8632970260678006	3.5625432769885204
706792.0	3.7097050544608985	3.4879725858670576
714963.0	3.495043446334598	3.1825117217593983
723134.0	4.731367029739322	3.7174895167880044
731305.0	3.672989842124587	3.6465590931622267
739476.0	3.465426508383307	2.8092587797656026
747647.0	4.390894627340595	3.130987716014908
755818.0	4.291518785950312	2.9879822930902438
763989.0	4.431526128992779	3.4448466652815526
772160.0	3.3957899889854364	3.195923544748775
780331.0	4.303512421980174	8.864024004470522
788502.0	5.308652551707257	3.193682572058221
796673.0	3.902459919226533	3.8384810921252255
804844.0	3.6824134132909068	3.1767574712024804
813015.0	4.277444621221393	3.298252968946865
821186.0	4.063394933300698	2.765506011155263
829357.0	4.27585362868682	3.1683286137758637
837528.0	3.9580222738954842	3.6791693176846847
845699.0	3.646922041365806	3.4554174039918206
853870.0	3.896463101211602	3.494667861681331
862041.0	4.303267653897931	3.1582695425640837
870212.0	3.62146616081263	3.179780232232533
878383.0	3.9745441194468243	3.599436309367958
886554.0	4.216619752784237	3.2325144131023156
894725.0	3.614490270468731	3.2298252115362254
902896.0	3.5523191775792435	3.0528129840211555
911067.0	3.96108187492351	3.8009139056513805
919238.0	4.212213927303879	4.074195611564015
927409.0	4.11320523803696	2.7591704662770073
935580.0	4.106841267898666	2.984150191952676
943751.0	4.2224941867580466	2.94823366654332
951922.0	4.195202545588056	3.4054172972702337
960093.0	3.9474972463590747	3.6796516146756204
968264.0	4.298127524170848	3.262230688311617
976435.0	3.5227022396279524	3.27172703210559
984606.0	4.149308530167666	2.9009681493679045
992777.0	3.6038428588912006	3.1909798215078617
1000948.0	3.9634071717048096	3.7042150523864397
1009119.0	3.2309386855953983	2.845768221247351
1017290.0	3.1568963407171706	3.1715330607920484
1025461.0	3.2065842614123117	2.671964712124182
1033632.0	3.6032309386855954	3.265474162028544
1041803.0	3.4774201444131685	2.986609859534003
1049974.0	3.6098396769061316	3.1399066203676447
1058145.0	3.6234243054705666	3.2187417754551753
1066316.0	3.725125443642149	3.4653908920931036
1074487.0	2.980908089585118	3.3083118325658982
1082658.0	2.9851915310243546	3.221877090120805
1090829.0	3.113572390160323	2.5448371861480563
1099000.0	3.786317464202668	3.5154779533492513
1107171.0	3.6089829886182843	3.879771273887424
1115342.0	4.486966099620609	3.309587841458946
1123513.0	4.042344878227879	2.8676812310869098
1131684.0	4.080528699057643	2.9308933529362076
1139855.0	3.7297760372047484	3.758187732625342
1148026.0	4.058377187614735	2.822297878743976
1156197.0	4.339126177946396	3.234425794336212
1164368.0	4.192877248806756	2.8761188646180926
1172539.0	4.453065720230082	3.325892237082236
1180710.0	3.7225553787786074	3.247642075083423
1188881.0	3.7482560274140253	3.4112701690063716
1197052.0	3.8953616448415125	3.8325621476170424
1205223.0	3.5909925345734917	3.1606324298318382
1213394.0	2.7788520376942847	3.296582788808119
1221565.0	2.7321013339860483	3.369305754951062
1229736.0	3.1511442907844818	2.481457363116259
1237907.0	3.9432138049198384	3.611435623442428
1246078.0	3.333251743972586	3.0750813519739775
1254249.0	3.964141475951536	3.6961116019645517
1262420.0	3.394933300697589	2.9183604653390818
1270591.0	3.665402031575083	3.2223518716728208
1278762.0	3.5612532125810796	3.3426480224856743
1286933.0	4.272304491494309	2.8592615009695157
1295104.0	3.186513278668462	2.658694688577254
1303275.0	4.006975890343899	2.4687001599516782
1311446.0	4.74642026679721	3.8273695669457664
1319617.0	3.3634806021294823	2.7858322963971633
1327788.0	3.761228735772855	3.460054053708306
1335959.0	3.491861461265451	2.909456473676625
1344130.0	52.84187981887162	127.19298839424647
1352301.0	3.871129604699547	3.531022367146372
1360472.0	4.190796720107698	2.8855711084135374
1368643.0	3.3801248317219437	2.9114328211525335
1376814.0	4.45282095214784	3.560000247518277
1384985.0	3.8946273405947864	3.9121111791908807
1393156.0	4.4016644229592465	3.356276850455529
1401327.0	3.3535674947986784	2.8815391119847624
1409498.0	3.8905886672377923	3.6603937544873637
1417669.0	4.3776771508995225	3.2409840297873167
1425840.0	3.841023130583772	3.7345528950804097
1434011.0	4.3120793048586465	3.2013757598256207
1442182.0	3.3897931709705054	2.9337939989033774
1450353.0	3.3314159833557704	2.9036247334716476
1458524.0	3.3326398237669808	2.8191088773436817
1466695.0	4.149063762085424	2.825006782558739
1474866.0	5.269856810671889	3.1595867796729644
1483037.0	3.954105984579611	3.6963930395557267
1491208.0	4.300575204993269	3.0758374330937435
1499379.0	3.4490270468730877	3.1505099407936377
1507550.0	3.848488557092155	3.4522283105854665
1515721.0	4.119446824134133	2.8706244339521043
1523892.0	4.288459184922286	3.211604677048523
1532063.0	3.6430057520499326	3.1461562042957145
1540234.0	3.479133520988863	3.630076701617406
1548405.0	3.785460775914821	3.4752653277166647
1556576.0	2.2537021172439116	2.853091258106475
1564747.0	4.432260433239506	3.2030764797704787
1572918.0	3.6712764655488925	3.3554563050430617
1581089.0	3.9206951413535673	3.5990622801351693
1589260.0	4.011381715824257	2.5846576695247223
1597431.0	3.544731367029739	3.393248496168455
1605602.0	4.381226288092033	5.2477361356126515
1613773.0	4.15444865989475	2.7892348610368494
1621944.0	3.4675070370823646	3.0700626284972765
1630115.0	3.9205727573124465	3.634069602714179
1638286.0	4.143801248317219	3.1264697926474985
1646457.0	3.6568351486966097	3.3906867774700586
1654628.0	3.4211234854974912	3.1296193370692507
1662799.0	3.802961693795129	3.340487162881353
1670970.0	3.158242565169502	2.756263658032087
1679141.0	3.39505568473871	2.9663184934324325
1687312.0	3.8364949210622936	3.557885400806539
1695483.0	3.9271814955329827	3.6265012674626003
1703654.0	3.7246359074776647	3.718230168948549
1711825.0	3.5216007832578633	2.9828990833789217
1719996.0	3.8632970260678006	3.6097408297766886
1728167.0	3.310488312324073	2.8792234705586397
1736338.0	2.9533716803328844	3.2459458535458143
1744509.0	3.482927426263615	2.909014765750645
1752680.0	4.147105617427488	2.8969998280835796
1760851.0	3.288703953004528	2.973550437257243
1769022.0	2.420266797209644	2.4973612312937847
1777193.0	3.7225553787786074	3.3001448179377153
1785364.0	2.7551095337168032	2.9624996804846853
1793535.0	3.4578386978338025	3.0383668293743145
1801706.0	2.7957410353689878	2.8747781703674877
1809877.0	3.375107086035981	2.818088503291773
1818048.0	3.1923877126422715	2.7330994006555387
1826219.0	3.1024354424183085	2.490417321641486
1834390.0	3.611675437522947	3.103643521500922
1842561.0	3.495165830375719	3.0728319063384237
1850732.0	3.730877493574838	3.5373248010687437
1858903.0	3.381715824256517	2.8196297769928695
1867074.0	2.8453065720230084	2.943809428577313
1875245.0	5.942724268755354	4.88853856747228
1883416.0	2.764533104883123	2.9717183620344927
1891587.0	3.9474972463590747	3.656747559912458
1899758.0	3.335944192877249	3.027330328746587
1907929.0	3.0277811773344756	2.4334741826704587
1916100.0	4.073919960837107	2.7703696480402256
1924271.0	2.9132297148451842	3.1903085712562524
1932442.0	3.87149675682291	3.7102233012710077
1940613.0	3.153469587565781	2.3852440763231773
1948784.0	3.3416962428099377	2.7318453154527043
1956955.0	2.6693183208909557	2.8946965546381707
1965126.0	2.7072573736384777	2.7865570615019686
1973297.0	3.0717170480969282	2.506459651154639
1981468.0	3.5212336311345003	2.9927501842622997
1989639.0	3.670175009178803	3.4715128254510073
1997810.0	2.7567005262513766	3.057799983917733
2005981.0	3.128748011259332	2.718439911973709
2014152.0	3.1677885203769427	2.5647650625768166
2022323.0	2.5744706890221516	2.5964918011106084
2030494.0	3.457349161669318	3.0190315438049486
2038665.0	2.7592705911149187	3.0084326472474183
2046836.0	3.5747154571043938	3.1030519794745643
2055007.0	2.877004038673357	3.0347395048735795
2063178.0	2.7789744217354055	3.0305627144027696
2071349.0	2.9887406682168645	3.0451664643728487
2079520.0	2.59197160690246	2.9329804381205387
2087691.0	3.766736017623302	3.6736599938727763
2095862.0	3.53065720230082	3.1032688913101527
2104033.0	3.434340961938563	2.9810727535508152
2112204.0	3.951291151633827	4.047796072092
2120375.0	4.667849712397503	4.133422225301964
2128546.0	3.7033410843226044	3.3735347562945828
2136717.0	3.37498470199486	2.9838220830795628
2144888.0	3.653653163627463	3.097466207028538
2153059.0	3.86207318565659	3.7486994440369803
2161230.0	3.0538489780932565	2.485424405526023
2169401.0	3.8781054950434464	3.6424790868214614
2177572.0	3.57312446456982	3.4159488287568585
2185743.0	3.13327622078081	2.4398027330270287
2193914.0	3.5645575816913473	3.313579127350821
2202085.0	3.032309386855954	2.517105839816063
2210256.0	2.19104148818994	2.968174517810594
2218427.0	3.922041365805899	3.4958408422328775
2226598.0	2.6430057520499326	2.7180121887567625
2234769.0	2.767347937828907	2.907436689641101
2242940.0	3.6031085546444745	3.224895509374459
2251111.0	3.6203647044425407	3.2618555122720667
2259282.0	3.8032064618773713	3.5216518247950934
2267453.0	3.1752539468853263	2.8481325484577833
2275624.0	3.0565414269979194	2.353971586454949
2283795.0	3.035613755966222	2.1855546492719204
2291966.0	3.977726104515971	4.497174081071035
2300137.0	3.485007954962673	2.951697797439074
2308308.0	3.3086525517072576	2.9037722502145624
2316479.0	3.2765879329335457	2.789739404132407
2324650.0	3.148329457838698	2.4098988126802605
2332821.0	2.7307551095337166	3.1319061492594154
2340992.0	2.5431403744951657	2.7036104083234895
2349163.0	3.395667604944315	2.7515530043723966
2357334.0	2.90686574470689	3.4301605958579513
2365505.0	3.947619630400196	3.623834262823111
2373676.0	3.0622934769306083	2.3191402405085917
2381847.0	4.7270835883000855	3.850371147476601
2390018.0	3.6153469587565783	3.265136840951057
2398189.0	4.329947374862318	3.2650056511203776
2406360.0	3.307918247460531	2.7643551739234957
2414531.0	4.0854240607024845	2.5650752072306253
2422702.0	3.86672377921919	3.4427854999304546
2430873.0	3.912373026557337	3.4884462341951603
2439044.0	3.6780075878105496	3.2362793227867854
2447215.0	3.3868559539836007	3.117296526333779
2455386.0	3.5130339003793907	3.2100800423587983
2463557.0	3.174764410720842	2.447990391634072
2471728.0	2.899155550116265	3.0249442313035515
2479899.0	2.3431648513033903	2.905710345664082
2488070.0	3.902949455391017	3.6074007069470664
2496241.0	3.592461143066944	3.0246610100837645
2504412.0	3.3742503977481335	2.861742979321604
2512583.0	3.9167788520376945	3.451359658220634
2520754.0	3.2473381471056175	2.39844521906448
2528925.0	3.909925345734916	3.5276240850221336
2537096.0	3.2608003916289316	2.621750805382153
2545267.0	3.4618773711907966	2.9617973089787477
2553438.0	3.6024966344388694	3.3879063860410388
2561609.0	3.3111002325296783	3.1721889939117895
2569780.0	3.408762697344266	3.1059297573069298
2577951.0	4.022518663566271	2.5382883691214118
2586122.0	4.0290050177456855	2.6371103034689036
2594293.0	4.1140619263248075	2.76714291585723
2602464.0	3.592461143066944	3.2690700877728616
2610635.0	3.6680944804797453	3.315849796096457
2618806.0	3.233753518541182	2.54421192492544
2626977.0	3.2155182964141478	2.7188900742461155
2635148.0	4.2315506058010035	2.779102744964003
2643319.0	3.809325663933423	3.4744200471525906
2651490.0	3.676661363358218	3.182665538737135
2659661.0	3.8236445967445847	3.72649899529881
2667832.0	4.086770285154816	2.4870488178357846
2676003.0	3.012483172194346	2.491989368870522
2684174.0	3.4298127524170847	2.964956670470121
2692345.0	3.139517806877983	2.8436601648283246
2700516.0	3.4005629665891566	2.8099121717455433
2708687.0	4.705788765145025	3.667808739853789
2716858.0	3.02827071349896	2.3450643675118674
2725029.0	2.7722432994737485	2.858405319278847
2733200.0	3.3798800636397015	2.8206495934868525
2741371.0	3.7552319177579245	3.363015966676113
2749542.0	3.5748378411455146	3.147225759949558
2757713.0	3.0116264839064986	2.2071190209822826
2765884.0	3.33019214294456	2.6984223714197126
2774055.0	3.6011504099865377	3.0687667849191045
2782226.0	3.47999020927671	3.061999573854103
2790397.0	3.780198262146616	3.515930492139142
2798568.0	2.979806633215029	3.221459224472761
2806739.0	2.689389303634806	2.7302768989028223
2814910.0	2.5419165340839553	3.105141590278911
2823081.0	3.4648145881777017	3.373897513670202
2831252.0	4.126912250642516	2.8299627677620767
2839423.0	2.961571411087994	3.447829616760342
2847594.0	3.669440704932077	3.533378438107137
2855765.0	3.6433729041732956	3.407752469574784
2863936.0	3.133153836739689	2.486605901536911
2872107.0	3.5252723044914944	3.3646531702122524
2880278.0	3.5127891322971485	3.0642969103877036
2888449.0	3.7488679476196305	3.462387723524224
2896620.0	2.7142332639823765	2.9207917341748595
2904791.0	3.0538489780932565	2.384346003036382
2912962.0	2.7354057030963164	2.8042225621714056
2921133.0	2.8740668216864522	3.249092583940704
2929304.0	3.213192999632848	2.688767389920881
2937475.0	4.100110145637009	2.9636148695625755
2945646.0	3.13327622078081	2.5095826625416677
2953817.0	3.433606657691837	3.013350947197389
2961988.0	3.0507893770652306	2.4186178692599136
2970159.0	3.5521967935381227	3.1615228960733903
2978330.0	3.936237914575939	3.6174795597140847
2986501.0	3.294700771019459	2.6548482653819763
2994672.0	4.263615224574716	3.2218011185796094
3002843.0	4.182964141475952	2.6460750889904268
3011014.0	3.161179782156407	2.637667145348093
3019185.0	3.089340350018358	2.58629073529453
3027356.0	3.2413413290906865	2.6922471720467023
3035527.0	2.984457226777628	3.163689939769989
3043698.0	3.2283686207318567	3.034920974063481
3051869.0	4.175131562844205	2.9241837440704357
3060040.0	3.491371925100967	3.231094339048325
3068211.0	3.123485497491127	2.495130491943697
3076382.0	3.812874801125933	3.557782205395038
3084553.0	3.0895851181005995	2.2359585112062157
3092724.0	3.4028882633704565	3.3076643935043193
3100895.0	3.459062538245013	2.9756281674742167
3109066.0	3.939052747521723	3.676806812215349
3117237.0	3.4474360543385143	3.0299569047586554
3125408.0	3.4907600048953618	2.986015625523954
3133579.0	3.6776404356871866	3.1879676797003986
3141750.0	3.851548158120181	3.7875279225430893
3149921.0	3.43274996940399	2.8641368494368495
3158092.0	3.660139517806878	3.489077665279286
3166263.0	4.276832701015787	2.9973471728604055
3174434.0	4.066576918369845	2.678940565854117
3182605.0	3.9498225431403746	3.666473814015062
3190776.0	4.158487333251744	2.9487110040635134
3198947.0	4.1510219067433605	3.0324601342463944
3207118.0	3.077591482070738	2.493977570447358
3215289.0	4.187614735038551	2.763513874406098
3223460.0	3.5355525639456613	3.0834078929794257
3231631.0	3.2325296781299717	2.7802694871623275
3239802.0	2.8210745318810426	3.088999277125839
3247973.0	3.0652306939175133	2.3693624353954643
3256144.0	3.0438134867213313	2.5478651246059334
3264216.5	4.200652119388011	2.8147378091104005
