# Position (bp)	A	C	G	T	N
0.0	20.977339664602994	26.812225761856105	24.39943098715714	27.803991104165416	0.007012482218348661
1.0	22.508565246138126	24.167017290777583	26.383462563362787	26.94045400813448	5.008915870249043E-4
2.0	23.14018953737653	27.84957223858468	26.1966300014025	22.81360822263629	0.0
3.0	24.08987998637575	26.927430826871834	25.75083648895033	23.23185269780209	0.0
4.0	22.79307166756827	28.24427480916031	26.16106669872373	22.801586824547694	0.0
5.0	22.066778866382162	28.399050309551	27.22395864639057	22.308208611328165	0.0020035663480996173
6.0	23.431708441025027	26.724569734126746	27.789966139728715	22.053755685119512	0.0
7.0	22.35378974574743	28.278335437078	26.532227364709183	22.835647452465388	0.0
8.0	21.782272444952014	28.354470958305782	27.501452585602372	22.36180401113983	0.0
9.0	22.70892188094809	27.354691350604078	27.557051551762136	22.3793352166857	0.0
10.0	22.438941315541662	27.993328124060827	27.174871270862134	22.392859289535373	0.0
11.0	22.212037426619382	28.037406583719022	27.956262146620986	21.794293843040613	0.0
12.0	22.90727494940995	27.437839354050208	27.464386608162528	22.19049908837731	0.0
13.0	22.320730901003788	27.84406243112741	27.253511250025042	22.58169541784376	0.0
14.0	22.12287872412895	28.121556370339203	27.86660255254353	21.88896235298832	0.0
15.0	22.867203622447956	27.44084470357236	27.43683757087616	22.255114103103523	0.0
16.0	22.497545631223577	27.862094528260307	27.25501392478612	22.38534591573	0.0
17.0	22.173468774418463	28.14008935905912	27.72985914928573	21.95658271723668	0.0
18.0	22.793572559155294	27.43383222135401	27.397267135501192	22.3753280839895	0.0
19.0	22.750495882671153	27.832041033038806	27.181883753080484	22.235579331209554	0.0
20.0	22.3973673138186	27.881629300154277	27.884133758089398	21.83686962793773	0.0
21.0	23.085091462803792	27.21744705575925	27.368716315040775	22.328745166396185	0.0
22.0	22.773036004087274	27.532006972410894	27.110256256135923	22.584700767365913	0.0
23.0	22.398869988579673	27.78095009116227	27.830538358277735	21.989641561980324	0.0
24.0	23.003947025705756	27.364208290757546	27.117268738354273	22.514575945182425	0.0
25.0	22.58570255053996	27.629680831880748	27.128789244855845	22.655827372723447	0.0
26.0	22.411392278255292	27.80449199575244	27.66774859249464	22.115866241910602	5.008915870249043E-4
27.0	22.965879265091864	27.093726833764098	27.40728496724169	22.533108933902348	0.0
28.0	22.855683115946384	27.526497164953618	26.9529762978101	22.664843421289895	0.0
29.0	22.44545290617299	27.620163891727273	27.805493778926486	22.12888942317325	0.0
30.0	23.2886522032941	26.86919422675421	27.339203405045033	22.502950164906654	0.0
31.0	22.836043312192615	27.57566664462743	27.007562849978896	22.580727193201064	0.0
32.0	22.590079671035724	27.597018761243895	27.49473143150861	22.31817013621177	0.0
33.0	23.033304173956513	27.156231775389482	27.392110305756894	22.41835374489711	0.0
34.0	22.65223460733095	27.470970198185242	27.17855707608029	22.69823811840352	0.0
35.0	22.392337280337884	27.680389600594747	27.852240526650363	22.07503259241701	0.0
36.0	23.021384934316526	27.05532368839253	27.473784347041907	22.44950703024904	0.0
37.0	22.800672692400713	27.316598516252043	27.21760699240128	22.665121798945965	0.0
38.0	22.550024767587868	27.51967007268999	27.97931042427454	21.9509947354476	0.0
39.0	23.18574456653303	27.100911039340602	27.38254795798473	22.330796436141632	0.0
40.0	22.779215897861814	27.50298569895667	27.213206186004495	22.504592217177013	0.0
41.0	22.572962323322383	27.508401344215073	28.004065065994975	21.91457126646757	0.0
42.0	23.13794962643457	26.950627743972888	27.714447097486456	22.196975532106087	0.0
43.0	22.698123821183945	27.69663479037755	27.27639720724	22.328844181198505	0.0
44.0	22.448588930212207	27.606787355064537	28.004676219645592	21.939947495077664	0.0
45.0	23.19157645132606	27.294668943810073	27.406173693347824	22.10758091151604	0.0
46.0	22.535447665890697	27.64662526544701	27.458349448672948	22.359577619989345	0.0
47.0	22.399088246837547	27.88319294749872	27.815264317845607	21.902454487818133	0.0
48.0	22.615776160884366	27.254629485057613	27.95256534365925	22.177029010398776	0.0
49.0	22.621280724450195	27.59864165588616	27.55093790426908	22.229139715394567	0.0
50.0	22.362367060282768	27.667384617963307	28.231409391473424	21.738838930280505	0.0
51.0	22.83022302351585	27.418977368270507	27.784760204214304	21.96603940399934	0.0
52.0	22.499505742374954	27.75301497151279	27.640683693092978	22.106795593019285	0.0
53.0	22.31834393362325	27.990352649762073	28.0117705122594	21.679532904355277	0.0
54.0	22.79519654027338	27.273341570777664	28.119932041084255	21.8115298478647	0.0
55.0	22.857914856994178	27.528370994535955	27.55238876768809	22.061325380781778	0.0
56.0	22.39966772234048	27.89159441358185	28.007891594413582	21.700846269664087	0.0
57.0	22.757097451920487	27.508484619942898	27.77783763400312	21.95658029413349	0.0
58.0	22.583816514171442	27.741841784808567	27.653584475651037	22.02075722536895	0.0
59.0	22.358520098783753	27.745249220280815	28.119746315899313	21.776484365036115	0.0
60.0	22.33529404688872	27.611177270157462	27.999711305979574	22.053817376974248	0.0
61.0	22.468864377350005	27.674165865114364	28.00769490212734	21.849274855408293	0.0
62.0	22.434209673026288	28.222720846681625	28.094317842829536	21.248751637462547	0.0
63.0	22.798939020613698	27.56796057680656	27.973233159645083	21.65986724293466	0.0
64.0	22.325308443599884	27.363802763766436	28.00514189104221	22.305746901591473	0.0
65.0	22.169359751675323	28.06416988192974	28.283194569348147	21.483275797046794	0.0
66.0	22.552544871891314	27.558036318774732	28.06655934523899	21.822859464094964	0.0
67.0	22.33258370814593	27.886056971514243	27.811094452773617	21.970264867566218	0.0
68.0	22.172686596199988	27.749497438557814	28.362298164840155	21.715517800402047	0.0
69.0	22.513335689164858	27.793763777407577	27.77020546216366	21.922695071263902	0.0
70.0	22.56809338521401	27.537470991607194	27.938790110101024	21.95564551307777	0.0
71.0	22.081996047072476	28.045839453117914	28.471957787085895	21.400206712723712	0.0
72.0	22.642681068061645	27.258528874922376	28.161752253354155	21.93703780366182	0.0
73.0	22.11268155552085	27.91464938310167	28.07277838513197	21.89989067624551	0.0
74.0	22.00060870447398	28.00243481789591	28.254032667140105	21.742923810490005	0.0
75.0	22.427151760148224	27.825501094829036	28.322385042950987	21.41864578069732	0.0063163213744315315
76.0	22.188987380463736	28.14069254617702	27.922361468931488	21.74795860442775	0.0
77.0	22.389141911947977	28.076496046042642	28.273627444316045	21.260734597693336	0.0
78.0	22.674842013766533	27.629384264806074	27.87135574506073	21.824417976366668	0.0
79.0	22.174559457944383	28.11913524580175	27.80228618781837	21.904019108435495	0.0
80.0	21.952947128762965	28.01669618011637	28.365798128004048	21.66455856311662	0.0
81.0	22.593088246870817	27.754598651237238	27.709989766196962	21.94232333569498	0.0
82.0	22.006745362563237	27.85181961594952	28.07485176521786	22.06658325626938	0.0
83.0	21.7430647852275	27.94163391115007	28.945508016853772	21.366965472386394	0.0028278143822639485
84.0	22.85	27.46470588235294	27.97058823529412	21.71470588235294	0.0
85.0	22.152247019260166	28.080097829409965	27.908896361968814	21.85875878936105	0.0
86.0	22.170335779408497	28.082213539184853	28.190222052797104	21.554051907620952	0.003176720988595572
87.0	22.215984147952444	27.542932628797885	28.408190224570674	21.829590488771466	0.0033025099075297223
88.0	22.05600438176092	27.861837600985893	28.248664932219636	21.83349308503355	0.0
89.0	22.128113879003557	28.00355871886121	28.72953736654804	21.13879003558719	0.0
90.0	22.476894639556377	27.452865064695008	28.373382624768944	21.693160813308687	0.0036968576709796672
91.0	22.285472518173776	27.824147082580097	28.00876956806031	21.881610831185817	0.0
92.0	21.925155093055835	28.12887732639584	28.337002201320793	21.608965379227538	0.0
93.0	22.170400599650204	27.400682934954613	28.779045556758557	21.64987090863663	0.0
94.0	22.527687296416936	28.112920738327908	27.50488599348534	21.85016286644951	0.004343105320304018
95.0	22.02583276682529	28.171312032630862	28.774076591887603	21.02424654430093	0.004532064355313845
96.0	22.79012695266412	26.947944688281655	28.66581716928595	21.591391759875407	0.004719429892868942
97.0	21.629061593668585	28.13744285503613	27.749102885513445	22.4794769699651	0.00491569581674286
98.0	22.02188318693173	27.713566548518003	28.91046386192017	21.35408640263009	0.0
99.0	23.05999785338628	27.20296232692927	28.447998282709026	21.28904153697542	0.0
100.0	21.998542028822968	27.858464644198953	27.90332529579992	22.23966803117815	0.0
101.0	22.047290179093995	27.642514339225094	28.760388622263843	21.549806859417068	0.0
102.0	21.920986749709957	28.57666239237956	27.898882579226964	21.591256029797886	0.012212248885632288
103.0	21.88358571337295	28.368794326241137	27.947096032202417	21.8005239281835	0.0
104.0	22.26153127294573	27.922034577131033	28.923302850277015	20.89313129964622	0.0
105.0	22.044060234244284	27.8792526491913	28.764640267707755	21.312046848856664	0.0
106.0	22.30825420014609	27.684441197954712	28.407596785975166	21.592403214024834	0.007304601899196493
107.0	22.076527873629324	28.510083582547352	27.95031055900621	21.455409861206963	0.007668123610152595
108.0	22.06047933086698	27.35242078172752	28.84027666076886	21.746823226636643	0.0
109.0	22.139219015280137	28.132427843803054	28.183361629881155	21.544991511035654	0.0
110.0	22.011792031445417	28.149008397355722	28.81007682687154	21.0201893871717	0.008933357155619081
111.0	21.235010858275892	28.297611179303182	28.609196487583798	21.858181474837128	0.0
112.0	22.035248431743504	28.577118390919047	27.611271532410637	21.776361644926816	0.0
113.0	22.709623255325848	27.264141043131495	29.520411375800187	20.50582432574247	0.0
114.0	23.39668778481716	27.075691897299098	28.70956985661887	20.818050461264868	0.0
115.0	21.959260567526197	28.76486518309196	27.88178499941128	21.394089249970563	0.0
116.0	21.65477531605958	28.614344723995494	28.852171736137187	20.866191012642382	0.012517211165352359
117.0	22.43863393810032	27.321237993596586	29.082177161152618	21.15795090715048	0.0
118.0	22.410599800541387	27.283088759082492	28.20914660208007	22.08291779455763	0.014247043738424277
119.0	21.950849514563107	28.07949029126214	28.944174757281555	21.025485436893206	0.0
120.0	22.377622377622377	27.451618149292567	28.91527077573589	21.25548869734916	0.0
121.0	22.6246719160105	27.979002624671917	27.57655293088364	21.819772528433944	0.0
122.0	23.238239183827698	27.47024371811827	28.150387303986395	21.141129794067638	0.0
123.0	22.977941176470587	26.919934640522875	28.451797385620914	21.629901960784316	0.02042483660130719
124.0	21.962513781697904	28.996692392502755	28.44542447629548	20.573318632855568	0.02205071664829107
125.0	22.33173076923077	28.894230769230766	27.403846153846157	21.370192307692307	0.0
126.0	23.558831271387206	26.74387996841274	29.19189260331666	20.50539615688339	0.0
127.0	23.39808640185561	27.051319222963176	27.921136561322125	21.62945781385909	0.0
128.0	23.334406179594463	28.484068233022207	27.77598970067589	20.405535886707433	0.0
129.0	22.815186246418335	26.790830945558742	27.793696275071632	22.600286532951287	0.0
130.0	24.402107823267126	28.37454398054317	26.550466153222533	20.672882042967167	0.0
131.0	23.098330241187384	27.458256029684602	28.385899814471244	21.057513914656774	0.0
132.0	23.835616438356162	26.84931506849315	27.616438356164387	21.698630136986303	0.0
133.0	22.07792207792208	27.142857142857142	28.766233766233768	22.01298701298701	0.0
134.0	25.348837209302328	24.34108527131783	29.30232558139535	21.007751937984494	0.0
135.0	24.209486166007903	25.790513833992097	28.3596837944664	21.640316205533598	0.0
136.0	22.83783783783784	28.783783783783782	27.432432432432428	20.945945945945947	0.0
137.0	28.298279158699806	24.8565965583174	27.724665391969406	19.120458891013385	0.0
138.0	29.36802973977695	18.587360594795538	28.25278810408922	23.79182156133829	0.0
139.0	9.090909090909092	27.27272727272727	45.45454545454545	18.181818181818183	0.0
140.0	25.0	25.0	50.0	0.0	0.0
