#Position (bp)	mapping quality
4086.0	36.99433709584848
12257.0	36.9968641410289
20428.0	36.99309078460054
28599.0	36.994524521265575
36770.0	36.99393044619423
44941.0	36.991972228249075
53112.0	36.996092925026396
61283.0	36.99335846347155
69454.0	36.998735215696996
77625.0	36.99634567901234
85796.0	36.996910229645096
93967.0	36.99368729952911
102138.0	36.98299185710533
110309.0	36.991892314916264
118480.0	36.993934028460885
126651.0	36.99584471979935
134822.0	36.990224893497576
142993.0	36.996942906717344
151164.0	36.99367542989983
159335.0	36.99366676936771
167506.0	36.991216501371596
175677.0	36.99523564254442
183848.0	36.99403898823908
192019.0	36.99769771638355
200190.0	36.99663595587344
208361.0	36.99851369807986
216532.0	36.99250101337657
224703.0	36.9976288891025
232874.0	36.991885075117885
241045.0	36.994370054777846
249216.0	36.98883524441762
257387.0	36.98827146796843
265558.0	36.99634976487224
273729.0	36.988829466057105
281900.0	36.9936630814551
290071.0	36.9960331287357
298242.0	36.991725680208724
306413.0	36.99649720723279
314584.0	36.99452905515304
322755.0	36.99643362035728
330926.0	36.991628688710044
339097.0	36.99782685304828
347268.0	36.99408945686901
355439.0	36.99860881335539
363610.0	36.994609949741424
371781.0	36.99588675609575
379952.0	36.996638604566655
388123.0	36.99589936828106
396294.0	36.99429997535125
404465.0	36.99721532324829
412636.0	36.99642396907217
420807.0	36.99539872532255
428978.0	36.990540041476095
437149.0	36.996919746919744
445320.0	36.99593518264213
453491.0	36.997603471727444
461662.0	36.99859657108178
469833.0	36.99855958266828
478004.0	36.9932149515572
486175.0	36.99733390978527
494346.0	36.99134705332086
502517.0	36.99710318910173
510688.0	36.99811041315561
518859.0	36.996953896816684
527030.0	36.99889482959467
535201.0	36.998085678807946
543372.0	36.99156736341733
551543.0	36.995435667585014
559714.0	37.0
567885.0	36.99778037733585
576056.0	36.99552193645991
584227.0	36.99311551056862
592398.0	36.997289277995534
600569.0	36.99889397064538
608740.0	36.99495404085863
616911.0	36.99109185024678
625082.0	36.99320477502296
633253.0	36.99875596799139
641424.0	36.994452108198885
649595.0	36.99411090596549
657766.0	36.99655440012417
665937.0	36.99261157519886
674108.0	36.9974313582561
682279.0	36.99065184436584
690450.0	36.99875630252101
698621.0	36.997655779770014
706792.0	36.99633808392716
714963.0	36.9922263463828
723134.0	36.99712881531298
731305.0	36.99260295881648
739476.0	36.997386636530585
747647.0	36.99278109147667
755818.0	36.99683454058062
763989.0	36.994890914112126
772160.0	36.997333045013875
780331.0	36.99473893754977
788502.0	36.994029093759366
796673.0	36.99651895756892
804844.0	36.99754062946592
813015.0	36.99047237561157
821186.0	36.99554243720258
829357.0	36.99258686816647
837528.0	36.99427970687363
845699.0	36.99627504278667
853870.0	36.991865066901184
862041.0	36.99684318298163
870212.0	36.998749619816834
878383.0	36.99088557704151
886554.0	36.99140883496836
894725.0	36.996241619828
902896.0	36.99745056156549
911067.0	36.998856825063335
919238.0	36.994624905572664
927409.0	36.9922937308459
935580.0	36.994486992281786
943751.0	36.99249318880065
951922.0	36.9967618658654
960093.0	36.98852891024647
968264.0	36.99894646924829
976435.0	36.99614369093941
984606.0	36.995634733364795
992777.0	37.0
1000948.0	36.993144974525244
1009119.0	36.998598484848486
1017290.0	36.99282806745493
1025461.0	36.99435136063509
1033632.0	36.99371645947966
1041803.0	36.99869782501584
1049974.0	36.996236777868184
1058145.0	36.99750059107644
1066316.0	36.99270648531441
1074487.0	36.99392371802767
1082658.0	36.99544932764841
1090829.0	36.9927282732597
1099000.0	36.9964121791971
1107171.0	36.993726474278546
1115342.0	36.98688050623244
1123513.0	36.99887980623676
1131684.0	36.99556115409993
1139855.0	36.99514371964825
1148026.0	36.993305388860406
1156197.0	36.99165138908476
1164368.0	36.99676007005254
1172539.0	36.99796625075579
1180710.0	36.99878357497452
1188881.0	37.0
1197052.0	36.993025228565145
1205223.0	36.99243405357508
1213394.0	37.0
1221565.0	36.998342590933525
1229736.0	36.99568898555228
1237907.0	36.99885164494103
1246078.0	36.995924511675724
1254249.0	37.0
1262420.0	36.99199711607787
1270591.0	36.9962938230384
1278762.0	36.991099350493144
1286933.0	36.99576040562606
1295104.0	36.99147367208204
1303275.0	36.9920894291561
1311446.0	36.996183895005544
1319617.0	36.98922970563621
1327788.0	36.991572576709075
1335959.0	36.99740642086079
1344130.0	36.99014523902717
1352301.0	36.99181183016661
1360472.0	36.99675846158339
1368643.0	36.9959810275535
1376814.0	36.997966138962184
1384985.0	36.99302391352167
1393156.0	36.99279875437914
1401327.0	36.99864973359609
1409498.0	36.99068889587921
1417669.0	36.98965613642717
1425840.0	36.99292655727258
1434011.0	36.99474938979395
1442182.0	36.997328326955014
1450353.0	36.98368906359061
1458524.0	36.989130035621166
1466695.0	36.9934517137632
1474866.0	36.99312587087785
1483037.0	36.99885480825776
1491208.0	36.993682413204326
1499379.0	36.99474842097793
1507550.0	36.99294027857279
1515721.0	36.996702317290556
1523892.0	36.99577637624497
1532063.0	36.993785063997045
1540234.0	36.99479386520332
1548405.0	36.99880378907892
1556576.0	37.0
1564747.0	36.99591340843826
1572918.0	36.99383292219481
1581089.0	36.99538019727806
1589260.0	36.99661347896391
1597431.0	36.99616765640105
1605602.0	36.99379870946116
1613773.0	36.994550167913744
1621944.0	36.997388204567116
1630115.0	36.993070079600436
1638286.0	36.99672169880977
1646457.0	36.99628514056225
1654628.0	36.997352793875656
1662799.0	36.99761858788698
1670970.0	36.99713244981787
1679141.0	36.995998702281824
1687312.0	36.99763940283272
1695483.0	36.98962261211007
1703654.0	36.99878425445226
1711825.0	36.99357080799305
1719996.0	36.99531155954003
1728167.0	36.99179297597043
1736338.0	36.99540029835902
1744509.0	36.99219930426227
1752680.0	36.99563241456649
1760851.0	36.99311551056862
1769022.0	36.99064522653722
1777193.0	36.99756714994904
1785364.0	36.99671286425018
1793535.0	36.99607135272882
1801706.0	36.996760637366485
1809877.0	36.994633403437525
1818048.0	36.99432624113475
1826219.0	36.995621301775145
1834390.0	36.99749246043848
1842561.0	36.99870443642985
1850732.0	36.99878628833853
1858903.0	36.993304863925886
1867074.0	36.995225601101126
1875245.0	36.995428147782036
1883416.0	36.99344813847448
1891587.0	36.99885289102465
1899758.0	36.99185560202509
1907929.0	36.994017784963624
1916100.0	36.99555395337659
1924271.0	36.995336918165016
1932442.0	36.99649111715243
1940613.0	36.994256219195094
1948784.0	36.989159494598056
1956955.0	36.99660721654211
1965126.0	37.0
1973297.0	36.989680863779434
1981468.0	36.99871402752676
1989639.0	36.99506485711427
1997810.0	36.99507214206437
2005981.0	36.99855270878154
2014152.0	36.99428218204296
2022323.0	36.99120555238638
2030494.0	36.9947610619469
2038665.0	36.995076732014546
2046836.0	36.99493306857475
2055007.0	36.996852135443255
2063178.0	37.0
2071349.0	36.99545473158347
2079520.0	36.99475895934652
2087691.0	36.99639352784457
2095862.0	36.99615237963187
2104033.0	36.99604447295275
2112204.0	36.99083193954036
2120375.0	36.994179491885376
2128546.0	36.99388631857237
2136717.0	36.997316604416724
2144888.0	36.99256381054465
2153059.0	36.99882751845866
2161230.0	36.9955516370777
2169401.0	36.99649709669276
2177572.0	36.99493081244006
2185743.0	36.997109600812436
2193914.0	36.996188972052465
2202085.0	36.99402671832748
2210256.0	36.98759984360163
2218427.0	36.994227228757765
2226598.0	36.99657343952584
2234769.0	36.9950911020697
2242940.0	36.98994599368228
2251111.0	36.99499695760936
2259282.0	36.995237482301455
2267453.0	36.99714781268067
2275624.0	36.995555555555555
2283795.0	36.99552491533623
2291966.0	36.99316965109839
2300137.0	36.99610198061526
2308308.0	36.99589421120769
2316479.0	36.991708064094425
2324650.0	36.99424684159378
2332821.0	36.99834177385381
2340992.0	36.99287776708373
2349163.0	36.994665897787065
2357334.0	36.99688447288649
2365505.0	36.9977058531746
2373676.0	36.997042602509794
2381847.0	36.98754692556634
2390018.0	36.99749500693951
2398189.0	36.996862634256644
2406360.0	36.991786599578234
2414531.0	37.0
2422702.0	36.994144643139734
2430873.0	36.995370370370374
2439044.0	36.99876884171297
2447215.0	36.99064103490641
2455386.0	36.99355512976833
2463557.0	37.0
2471728.0	37.0
2479899.0	36.98647237020788
2488070.0	36.9976795961243
2496241.0	36.99495809770389
2504412.0	36.99329005114069
2512583.0	36.99653168353956
2520754.0	36.993027813371526
2528925.0	36.99073494428446
2537096.0	36.995833958865035
2545267.0	36.994767914589744
2553438.0	36.996229107215655
2561609.0	36.995897246350026
2569780.0	36.97874555703156
2577951.0	36.99662285505659
2586122.0	36.99662829197169
2594293.0	36.993396001903854
2602464.0	36.996218573277915
2610635.0	36.99753102896036
2618806.0	36.998599704802636
2626977.0	36.994367054883156
2635148.0	36.99357936140676
2643319.0	36.99762256634325
2651490.0	36.995073563677515
2659661.0	36.994078673622894
2667832.0	36.99335190009882
2676003.0	36.99699370302661
2684174.0	36.990758251561104
2692345.0	37.0
2700516.0	36.99733678831066
2708687.0	36.99807547267952
2716858.0	37.0
2725029.0	36.99183295073283
2733200.0	36.993301227504794
2741371.0	36.997588319645416
2749542.0	36.9987333105101
2757713.0	36.989474967490246
2765884.0	36.99048179045239
2774055.0	36.99119796091759
2782226.0	36.99219272023914
2790397.0	36.99880212380212
2798568.0	36.992401839986854
2806739.0	36.99831626848692
2814910.0	36.99287433798748
2823081.0	36.99477234996998
2831252.0	36.99780552178168
2839423.0	36.99388404479524
2847594.0	36.998765967381516
2855765.0	36.98632851864293
2863936.0	36.98699269559783
2872107.0	36.99614650234334
2880278.0	36.99613280841724
2888449.0	36.99275267693915
2896620.0	36.998331680043286
2904791.0	36.99851721235923
2912962.0	36.99834459308308
2921133.0	36.99684891841254
2929304.0	37.0
2937475.0	36.99779117664617
2945646.0	36.99132880243731
2953817.0	36.9973624180211
2961988.0	36.9955471758665
2970159.0	36.996175710594315
2978330.0	36.98734570780089
2986501.0	36.99862560826121
2994672.0	36.996813823985306
3002843.0	36.98700956727815
3011014.0	36.998567557104145
3019185.0	36.99560274135404
3027356.0	36.993014914102325
3035527.0	36.99544820798819
3043698.0	36.99859736911937
3051869.0	36.99566173237579
3060040.0	36.99481211441391
3068211.0	36.99565081106496
3076382.0	36.99168672765206
3084553.0	36.9838779956427
3092724.0	37.0
3100895.0	36.99476365694877
3109066.0	36.990803454918286
3117237.0	36.99868649934325
3125408.0	36.998702801248115
3133579.0	36.99507487520798
3141750.0	36.99529725779289
3149921.0	36.990766159221366
3158092.0	36.99628849433243
3166263.0	36.99470611801065
3174434.0	36.992205368965934
3182605.0	36.99541426535291
3190776.0	36.99673327643544
3198947.0	36.9967274013798
3207118.0	36.99852865152901
3215289.0	36.99675599848029
3223460.0	36.99359617847624
3231631.0	36.99019422254193
3239802.0	36.9967897271268
3247973.0	36.99704543639703
3256144.0	36.99851232358972
3264216.5	36.99779078098877
