#Position (bp)	Coverage	Std
4086.0	12.36911026802105	8.110846313920526
12257.0	13.329457838697834	8.139066342653726
20428.0	6.054460898298862	5.213446741311265
28599.0	7.333496512054828	6.348234846697843
36770.0	6.262636152245747	6.042854747667481
44941.0	11.109044180638845	7.423093227110729
53112.0	5.944315261289928	7.02611524493267
61283.0	6.178191163872231	5.915407427838519
69454.0	5.732713254191653	6.206320874575268
77625.0	6.096193856321135	5.631245767578619
85796.0	6.811773344755844	6.487016678516056
93967.0	5.8919348916901235	6.498015663518651
102138.0	6.944437645331049	6.923927073857539
110309.0	7.313180761228736	6.4758667246
118480.0	4.375229470077102	4.700138135701577
126651.0	4.235711663199119	4.2156848235359705
134822.0	5.5613755966222005	5.702148937801682
142993.0	3.6349284053359443	4.690650585232306
151164.0	5.051156529188594	4.646136751010793
159335.0	4.557948843470811	5.031403037110578
167506.0	10.388814098641538	31.315272793337762
175677.0	6.468853261534696	6.150799449150019
183848.0	6.827438502019337	6.919214943198391
192019.0	5.533227267164362	5.068216573783253
200190.0	5.24170848121405	5.351138536540957
208361.0	5.245257618406559	5.998204765491313
216532.0	6.211112470933791	6.4462892018866595
224703.0	5.362134377677151	5.437611348995014
232874.0	7.67335699424795	6.913579159594963
241045.0	5.2819728307428715	5.39834121483086
249216.0	5.970750214172072	5.9601438036203085
257387.0	5.617060335332273	6.175720023355818
265558.0	5.182107453188104	5.254681287911089
273729.0	4.401419654877004	4.848897819089218
281900.0	4.966711540815078	6.316306578766176
290071.0	8.385142577407906	6.702080297072528
298242.0	4.131807612287358	3.8306137579153283
306413.0	6.522579855586831	6.401356024499232
314584.0	4.322359564312814	4.539603938262601
322755.0	5.575082609227756	5.761049840414298
330926.0	5.3512421980173785	5.560164802196547
339097.0	8.352710806510832	6.393493510639634
347268.0	8.427732223718028	7.604210133134667
355439.0	4.4837841145514625	4.8774355008785815
363610.0	3.440337779953494	4.143801743506464
371781.0	6.357728552196794	7.0936270504846135
379952.0	6.299963284787664	6.465615634586264
388123.0	4.4114551462489295	5.15048300814901
396294.0	6.381226288092033	6.588811290253949
404465.0	5.099498225431404	6.560078862608075
412636.0	6.508505690857912	5.9366376532404255
420807.0	6.781544486598947	6.885784284387108
428978.0	6.332027903561376	5.95061880426854
437149.0	8.550605801003549	6.964734497346539
445320.0	7.978949944927182	7.607991341227645
453491.0	6.3452453800024475	6.351983395824084
461662.0	4.425162158854485	4.625783232889809
469833.0	5.116020070982744	4.9787948333810395
478004.0	5.859870272916412	6.621865332162664
486175.0	4.615714110879941	5.680279339014293
494346.0	6.149063762085424	5.650587548228142
502517.0	8.961571411087995	8.076286923832876
510688.0	9.020560518908335	7.930875638792534
518859.0	5.5802227389548404	5.663459777302648
527030.0	6.3053481825969895	6.8061250823535255
535201.0	7.6434952882144165	6.429103679986325
543372.0	6.6712764655488925	7.264096858505306
551543.0	4.156529188593807	5.2706459495949955
559714.0	4.895239260800392	5.361294904200879
567885.0	8.142455023864889	7.212646802352381
576056.0	6.961449027046873	7.535718397634653
584227.0	4.472402398727206	5.050582472033972
592398.0	5.3294578386978335	5.305303848898726
600569.0	6.71337657569453	6.650533246375291
608740.0	7.670052625137682	7.091124971359758
616911.0	6.296169379512912	5.752854697281453
625082.0	4.659405213560151	4.974798807945643
633253.0	5.3218700281483295	4.8959682848329225
641424.0	7.766368865499939	7.681998118484536
649595.0	5.314037449516583	5.739767171366408
657766.0	6.1178558315995595	6.1120768797614575
665937.0	4.9793170970505445	6.712489888210402
674108.0	4.7918247460531145	4.916609709357165
682279.0	7.508138538734549	5.997990525492613
690450.0	6.603108554644474	7.1163125490439105
698621.0	5.770897075021417	5.938029005606433
706792.0	5.280871374372782	4.868280918276333
714963.0	4.416717660017134	4.323150942509068
723134.0	7.48708848366173	6.708194810525323
731305.0	6.230081997307551	6.481694283762019
739476.0	5.137314894137805	4.735624692813341
747647.0	7.732101333986048	6.53515389611962
755818.0	6.680577652674091	6.024609913631808
763989.0	6.851670542161302	6.788768828392997
772160.0	5.164239383184433	4.934226545716641
780331.0	8.320646187737118	35.84996748799051
788502.0	9.888385754497614	7.533127588149013
796673.0	6.625504834169624	7.143364668928316
804844.0	5.291518785950312	5.519061660334479
813015.0	6.865744706890221	6.872788526284992
821186.0	7.392240851792926	6.571030051061589
829357.0	7.908823889364827	7.768172956091781
837528.0	5.813119569208175	5.715194125042223
845699.0	5.185411822298373	5.4935014622730005
853870.0	5.225798555868315	4.930690839297804
862041.0	7.027291641169992	6.208115067689446
870212.0	5.073797576795986	5.341340926963388
878383.0	5.96230571533472	6.067512716240713
886554.0	6.240117488679476	5.296461342598558
894725.0	4.611430669440705	5.288923175735304
902896.0	3.9653653163627465	4.758813940590681
911067.0	7.4243054705666385	7.320678845505096
919238.0	6.341329090686575	13.16448384123059
927409.0	7.3994615102190675	6.684920752202197
935580.0	8.428833680088117	8.10312464756475
943751.0	6.991188349039286	6.406133855372765
951922.0	7.454167176600171	7.0671378680008115
960093.0	4.784726471668095	5.1512789623536
968264.0	5.182107453188104	4.998433238799585
976435.0	5.536164484151267	5.644389778237297
984606.0	6.605678619508016	6.677648728001008
992777.0	5.8451841879818875	6.103450755491465
1000948.0	5.8520376942846655	5.988658558501605
1009119.0	4.2157630644963895	4.823059386737739
1017290.0	4.95998041855342	6.287331295411408
1025461.0	3.5540325541549382	4.120834289522994
1033632.0	5.170358585240485	5.733463021001618
1041803.0	5.052013217476441	4.754195436706168
1049974.0	4.611553053481826	4.80376132562571
1058145.0	5.550728185044671	5.206775661494578
1066316.0	4.985069146983234	5.777299335739411
1074487.0	3.495777750581324	4.549124029234847
1082658.0	3.423693550361033	3.908151828671276
1090829.0	4.8407783625015295	5.270901362659597
1099000.0	5.752049932688777	6.190772482770068
1107171.0	8.29837229225309	8.511196165286911
1115342.0	8.6957532737731	7.399222985928743
1123513.0	5.578264594296904	6.061024469782474
1131684.0	7.996083710684127	8.793278549216282
1139855.0	5.477297760372047	5.912820733545613
1148026.0	5.544486598947497	5.6856846692263385
1156197.0	6.10145637008934	5.565609825341718
1164368.0	7.140374495165831	6.196423775448571
1172539.0	8.735283319055196	7.570983390514687
1180710.0	5.96928160567862	5.969520347014338
1188881.0	5.787908456737242	9.108572864099484
1197052.0	6.230693917513157	6.6496222780750545
1205223.0	5.2745074042344875	5.887359017937901
1213394.0	3.853873454901481	4.82771341227816
1221565.0	4.065475461999755	5.14981763860905
1229736.0	4.494553910170114	4.668800614721828
1237907.0	6.10733080406315	5.9980619396757655
1246078.0	5.296169379512912	5.537480352561026
1254249.0	6.245012850324318	6.1722411657715135
1262420.0	4.378656223228491	4.535261431830401
1270591.0	6.256516950189695	5.706171792392272
1278762.0	4.511565291885938	5.073188490851994
1286933.0	6.908211969159222	7.081971920013072
1295104.0	4.592093990943581	5.040916903306711
1303275.0	6.35968669685473	5.850627079999657
1311446.0	9.26520621710929	7.238671152487105
1319617.0	5.332150287602497	5.1244456971794605
1327788.0	5.294578386978338	4.807008508840311
1335959.0	5.144902704687309	5.033859165506322
1344130.0	166.0883612776894	364.3718659395753
1352301.0	6.1479623057153345	4.934524173762014
1360472.0	7.229714845184188	6.4374835509103505
1368643.0	4.680944804797455	5.515179706608082
1376814.0	8.69452943336189	7.838076448868604
1384985.0	7.597968424917391	7.81829191129567
1393156.0	8.16277077469098	6.998933429243576
1401327.0	3.879206951413536	4.482072422205491
1409498.0	7.073797576795986	6.690547933354415
1417669.0	6.242565169501897	5.220953237753285
1425840.0	5.850079549626729	5.799372853386457
1434011.0	8.38795741035369	6.884646690560742
1442182.0	4.2074409497001595	4.673241634023107
1450353.0	5.018112838085914	4.868092371621213
1458524.0	3.8203402276343166	4.8382855915527045
1466695.0	6.725982131929996	6.007929325815357
1474866.0	10.50715946640558	8.343045782192181
1483037.0	5.204626116754375	4.911192724405905
1491208.0	6.302778117733448	5.997398775262
1499379.0	4.785216007832578	5.0818535584252285
1507550.0	6.54130461387835	6.942858193302096
1515721.0	6.206217109288949	5.218561714344079
1523892.0	6.488067555990699	6.373573976439091
1532063.0	6.298739444376453	6.113798642348909
1540234.0	6.140374495165831	6.6577613593057094
1548405.0	6.539713621343777	6.414791757980138
1556576.0	3.7859503120793048	5.833889571419217
1564747.0	7.617794639578999	6.725149389900952
1572918.0	5.305837718761474	5.858121421301294
1581089.0	5.824746053114674	6.572342967447191
1589260.0	7.029127401786807	6.214922370077311
1597431.0	5.444376453310488	6.1545389967994915
1605602.0	6.988495900134622	7.7659748858905635
1613773.0	7.798188716191409	7.319140666462118
1621944.0	4.467384653041243	4.992835400445742
1630115.0	5.9017256149798065	6.209169653510258
1638286.0	8.27597601272794	7.4024558732608865
1646457.0	6.32309386855954	6.319086406812825
1654628.0	5.574715457104394	5.705549776306242
1662799.0	4.905886672377922	5.608226906246058
1670970.0	4.318565659038061	5.241120376188586
1679141.0	4.930853016766614	5.434166694732168
1687312.0	5.58132419532493	6.205196775083037
1695483.0	6.439603475706768	6.257214658561672
1703654.0	7.40447925590503	7.487132518341285
1711825.0	6.3505078937706525	5.778591391312575
1719996.0	6.556725003059601	6.058631248521091
1728167.0	4.123363113450006	3.8772469216059324
1736338.0	3.093990943580957	3.1678071020440335
1744509.0	4.334108432260433	4.758749646803727
1752680.0	6.573246848610941	6.1817810410952
1760851.0	5.3565047117855835	6.392325744013234
1769022.0	2.4686084934524537	2.802541811824552
1777193.0	5.722677762819728	6.031827224371378
1785364.0	3.634806021294823	4.3333866798946845
1793535.0	4.280381838208298	4.952250273191674
1801706.0	3.6608738220536043	4.078413882484524
1809877.0	4.99645086280749	5.5690610803664455
1818048.0	3.640068535063028	4.651651924029016
1826219.0	4.530045282095215	5.259791063490553
1834390.0	4.98580345122996	5.433231983886137
1842561.0	4.283441439236324	4.091730588565075
1850732.0	5.246114306694407	5.380162731916828
1858903.0	5.267164361767225	5.422476870904459
1867074.0	3.5092399951046382	4.207635651124091
1875245.0	5.121037816668706	4.565277366692028
1883416.0	2.7382205360421	3.574940315885933
1891587.0	6.050544608982989	5.912841431590156
1899758.0	4.278913229714846	4.591087128146799
1907929.0	3.4355648023497736	4.67304521798689
1916100.0	6.225431403744952	6.230597100409745
1924271.0	3.4446212213927305	4.302293519887866
1932442.0	5.277567005262513	5.189635981960591
1940613.0	4.129971851670542	3.8652812280575466
1948784.0	4.838942601884714	5.844976462486393
1956955.0	2.3343532003426755	3.342263564915826
1965126.0	3.5216007832578633	4.115024068171431
1973297.0	4.896707869293844	6.384739638936461
1981468.0	5.4092522335087505	5.613472700184927
1989639.0	5.457226777628197	5.87480030881575
1997810.0	3.351731734181863	3.447510138269297
2005981.0	4.206461877371191	4.174800122656082
2014152.0	3.6067800758781057	4.182151701310223
2022323.0	2.649981642393832	3.0863039876997687
2030494.0	4.100966833924856	4.117759311226972
2038665.0	3.0525027536409253	3.3755294394288526
2046836.0	3.5619875168278057	4.275556319148222
2055007.0	2.6128992779341575	3.224933458920632
2063178.0	3.57312446456982	4.370703302973552
2071349.0	3.9849467629421125	4.624235243245453
2079520.0	2.934891690123608	4.9701717052910634
2087691.0	6.29837229225309	7.569722424833977
2095862.0	5.330069758903439	5.050303800156087
2104033.0	4.430179904540448	4.744532244548136
2112204.0	6.390894627340595	6.917950166942488
2120375.0	5.56125321258108	6.4481210126902
2128546.0	5.249785827928038	5.047892040217175
2136717.0	5.6977114184310365	6.397052925675083
2144888.0	4.728307428711296	4.867237535177465
2153059.0	6.667360176233019	7.363393033769904
2161230.0	4.744829274262636	5.856669292780093
2169401.0	5.379512911516338	5.790608494663173
2177572.0	5.362746297882756	8.256689933024251
2185743.0	3.100599681801493	3.0711586844637746
2193914.0	4.391384163505079	5.0010646278145146
2202085.0	4.1668094480479745	3.7864937852070777
2210256.0	4.277322237180272	6.3484179892009385
2218427.0	5.771508995227022	5.601599942782577
2226598.0	2.834047240239873	3.5991982952625343
2234769.0	4.101333986048219	4.340779809554512
2242940.0	5.27585362868682	5.480062549501122
2251111.0	5.926080039162893	6.731570206832622
2259282.0	6.048708848366173	11.832893920501407
2267453.0	3.977114184310366	4.973064148966844
2275624.0	3.504834169624281	5.333728517158492
2283795.0	4.973932199241219	5.652406581191701
2291966.0	4.742136825357973	12.062467442154967
2300137.0	5.751438012483172	6.0080515470895905
2308308.0	4.606045771631379	5.500214167902153
2316479.0	4.500917880308408	5.030539459633128
2324650.0	4.5289438257251255	4.918948996876863
2332821.0	3.54008077346714	4.567609030771521
2340992.0	2.9985313915065475	4.082357995038814
2349163.0	4.9506792314282215	5.531786408911867
2357334.0	5.93158732101334	6.915092513265279
2365505.0	6.7548647656345615	6.5209339711107965
2373676.0	4.785093623791457	6.2698955149742455
2381847.0	7.6728674580834655	6.888227698212418
2390018.0	5.173418186268511	5.336928427684082
2398189.0	6.460041610573981	6.003578665965282
2406360.0	4.45171949577775	4.76121790478548
2414531.0	6.144657936605067	4.9887034301596245
2422702.0	5.873699669563089	5.58846478789975
2430873.0	6.405091176110635	6.381844582609947
2439044.0	5.37498470199486	6.398525867433903
2447215.0	4.491127157018725	4.728137145998874
2455386.0	3.6299106596499815	4.109012038071592
2463557.0	3.8174030106474115	4.570957040737292
2471728.0	3.133888140986415	3.833711552309025
2479899.0	3.1650960714722802	3.9917151994792315
2488070.0	6.346469220413658	5.743294899193893
2496241.0	5.037327132541916	5.1323327595277854
2504412.0	4.260310855464447	5.282822348816891
2512583.0	5.481948353934647	5.41041119135843
2520754.0	4.271325419165341	4.634967899162152
2528925.0	5.143311712152736	4.401396625287273
2537096.0	3.792681434340962	4.58013140864701
2545267.0	5.005384897809326	5.115601578789295
2553438.0	4.766613633582181	5.560913121276181
2561609.0	5.739933912617794	7.15548423207827
2569780.0	4.9069881287480115	6.192590943780265
2577951.0	5.543262758536287	5.112658118708481
2586122.0	6.464814588177702	5.66463736788218
2594293.0	7.150654754619998	6.4634195621718895
2602464.0	4.7940276587932935	5.26763811013359
2610635.0	4.949210622934769	5.188551078429982
2618806.0	3.8070003671521233	4.650823091425025
2626977.0	4.098029616937951	3.916629018203568
2635148.0	6.053971362134377	5.248797147609805
2643319.0	5.003426753151389	4.721674621874635
2651490.0	5.352221270346347	5.690955836942043
2659661.0	5.367519275486477	5.395586024682501
2667832.0	5.361277689389303	5.1183879292695975
2676003.0	3.793170970505446	4.6434096537545635
2684174.0	4.3806143678864276	4.7406356366144005
2692345.0	4.212336311345001	5.193749479481207
2700516.0	4.4815812018112835	5.155826610325073
2708687.0	7.0870150532370575	5.883470453288217
2716858.0	4.867335699424795	5.069568645494094
2725029.0	3.152857667360176	3.3203680459171347
2733200.0	3.5255170725737366	3.9936616039639476
2741371.0	5.7194957777505815	5.9294592783197135
2749542.0	4.255293109778485	4.115053808847753
2757713.0	3.7434830498103047	4.384011515697825
2765884.0	3.874923509974299	5.027960007618229
2774055.0	4.904540447925591	5.65113981655808
2782226.0	4.503487945171949	5.123108108437253
2790397.0	7.071717048096928	6.659682018089039
2798568.0	3.239138416350508	3.847573050909232
2806739.0	3.673846530412434	4.629261012353843
2814910.0	3.1731734181862685	4.424429019138203
2823081.0	5.423204014196549	5.581781473733235
2831252.0	6.440582548035736	6.288382327331948
2839423.0	4.449638967078693	4.974909510323527
2847594.0	7.0433239505568475	6.341647843324566
2855765.0	5.8362501529800515	6.362263686514583
2863936.0	3.4457226777628196	3.5489306592112175
2872107.0	4.747521723167299	5.517808642380352
2880278.0	3.5667604944315263	4.318803326280659
2888449.0	5.696609962060947	6.200787155766582
2896620.0	2.9297515603965243	3.6675584782701183
2904791.0	3.2794027658793294	4.280319581982355
2912962.0	3.491004772977604	4.3975577605917575
2921133.0	3.6133888140986414	4.3309854341128995
2929304.0	4.573246848610941	5.27971713694387
2937475.0	6.908089585118101	7.635649629851858
2945646.0	4.851058621955697	6.299834973643464
2953817.0	4.3309264471912865	4.068574473929193
2961988.0	3.855342063394933	4.807161263423207
2970159.0	4.474360543385143	5.356967378865157
2978330.0	6.15677395667605	5.776303620384723
2986501.0	4.188349039285277	3.852230121128726
2994672.0	6.689022151511443	6.439688468069043
3002843.0	4.548647656345612	4.060173389765845
3011014.0	3.7360176233019216	4.679287210352115
3019185.0	4.380981520009791	5.337409968509968
3027356.0	4.606657691836984	4.89091630407605
3035527.0	4.45869538612165	5.453208801411823
3043698.0	4.928772488067556	6.008662616169499
3051869.0	6.5907477664912495	5.5067297864420865
3060040.0	5.230938685595398	6.211376804806147
3068211.0	4.314282217598825	5.080516800554322
3076382.0	5.028760249663444	4.5528082169831245
3084553.0	3.8104271203035123	4.5383771293874755
3092724.0	4.624525761840656	5.945207325912587
3100895.0	5.293476930608248	4.883453839749977
3109066.0	6.281605678619508	6.209307623451136
3117237.0	6.202056051890834	6.712772482707994
3125408.0	4.983233386366418	5.7519398589082
3133579.0	4.218333129359931	4.725560966402961
3141750.0	6.795863419410109	6.440857148147233
3149921.0	4.907844817035858	5.245275161165358
3158092.0	6.107697956186513	6.051911038524175
3166263.0	5.683392485619875	6.115660002880792
3174434.0	7.393342308163016	6.5584929211402425
3182605.0	5.701505323705788	5.927560094143751
3190776.0	6.374495165830376	5.817135462229312
3198947.0	7.1803940766124095	6.129432476135182
3207118.0	3.857422592093991	5.0166044205103
3215289.0	8.061192020560519	6.318147019876783
3223460.0	5.035246603842859	5.058826626681351
3231631.0	5.504834169624281	6.416127107843707
3239802.0	3.7434830498103047	4.903049785328053
3247973.0	3.9303634806021295	4.438789423723333
3256144.0	4.491616693183209	5.292080800786781
3264216.5	7.482693754702784	6.4155293471867925
