#Coverage	Number of genomic locations
0.0	87238.0
1.0	20501.0
2.0	31413.0
3.0	42453.0
4.0	51439.0
5.0	60222.0
6.0	66554.0
7.0	71092.0
8.0	73191.0
9.0	77041.0
10.0	76492.0
11.0	76839.0
12.0	77158.0
13.0	76638.0
14.0	75486.0
15.0	73641.0
16.0	72775.0
17.0	70679.0
18.0	68657.0
19.0	66098.0
20.0	64463.0
21.0	62850.0
22.0	61011.0
23.0	59438.0
24.0	57715.0
25.0	55929.0
26.0	53762.0
27.0	51978.0
28.0	49828.0
29.0	47234.0
30.0	45792.0
31.0	44451.0
32.0	42321.0
33.0	40738.0
34.0	40028.0
35.0	39335.0
36.0	37550.0
37.0	36137.0
38.0	34936.0
39.0	33924.0
40.0	33070.0
41.0	32386.0
42.0	31080.0
43.0	30033.0
44.0	28931.0
45.0	27767.0
46.0	26952.0
47.0	25828.0
48.0	25034.0
49.0	24011.0
50.0	23324.0
51.0	22665.0
52.0	22139.0
53.0	21347.0
54.0	20501.0
55.0	19982.0
56.0	19411.0
57.0	18703.0
58.0	18256.0
59.0	17760.0
60.0	17249.0
61.0	16274.0
62.0	15764.0
63.0	15317.0
64.0	15044.0
65.0	14362.0
66.0	13810.0
67.0	13747.0
68.0	12800.0
69.0	12715.0
70.0	12339.0
71.0	12026.0
72.0	11525.0
73.0	11322.0
74.0	11107.0
75.0	10882.0
76.0	10372.0
77.0	10132.0
78.0	9547.0
79.0	9395.0
80.0	9075.0
81.0	9067.0
82.0	8727.0
83.0	8397.0
84.0	8119.0
85.0	7691.0
86.0	7774.0
87.0	7330.0
88.0	7181.0
89.0	6836.0
90.0	6815.0
91.0	6808.0
92.0	6453.0
93.0	6161.0
94.0	6118.0
95.0	5800.0
96.0	5691.0
97.0	5522.0
98.0	5356.0
99.0	4966.0
100.0	4831.0
101.0	4622.0
102.0	4559.0
103.0	4333.0
104.0	4185.0
105.0	4116.0
106.0	4090.0
107.0	3691.0
108.0	3613.0
109.0	3563.0
110.0	3329.0
111.0	3111.0
112.0	3011.0
113.0	2844.0
114.0	2898.0
115.0	2592.0
116.0	2706.0
117.0	2403.0
118.0	2325.0
119.0	2299.0
120.0	2166.0
121.0	2042.0
122.0	1879.0
123.0	1735.0
124.0	1654.0
125.0	1636.0
126.0	1523.0
127.0	1473.0
128.0	1385.0
129.0	1327.0
130.0	1251.0
131.0	1273.0
132.0	1124.0
133.0	1051.0
134.0	1012.0
135.0	1003.0
136.0	888.0
137.0	839.0
138.0	806.0
139.0	785.0
140.0	680.0
141.0	673.0
142.0	666.0
143.0	665.0
144.0	566.0
145.0	500.0
146.0	479.0
147.0	427.0
148.0	423.0
149.0	328.0
150.0	358.0
151.0	340.0
152.0	289.0
153.0	258.0
154.0	232.0
155.0	259.0
156.0	232.0
157.0	220.0
158.0	211.0
159.0	173.0
160.0	172.0
161.0	161.0
162.0	161.0
163.0	132.0
164.0	162.0
165.0	144.0
166.0	129.0
167.0	107.0
168.0	90.0
169.0	99.0
170.0	83.0
171.0	74.0
172.0	89.0
173.0	66.0
174.0	70.0
175.0	62.0
176.0	58.0
177.0	68.0
178.0	64.0
179.0	41.0
180.0	30.0
181.0	43.0
182.0	35.0
183.0	36.0
184.0	33.0
185.0	31.0
186.0	25.0
187.0	31.0
188.0	26.0
189.0	30.0
190.0	21.0
191.0	18.0
192.0	12.0
193.0	18.0
194.0	11.0
195.0	13.0
196.0	13.0
197.0	14.0
198.0	17.0
199.0	9.0
200.0	12.0
201.0	15.0
202.0	12.0
203.0	12.0
204.0	15.0
205.0	6.0
206.0	8.0
207.0	8.0
208.0	9.0
209.0	7.0
210.0	6.0
211.0	10.0
212.0	3.0
213.0	3.0
214.0	9.0
215.0	6.0
216.0	1.0
217.0	4.0
218.0	3.0
219.0	2.0
220.0	4.0
221.0	8.0
222.0	7.0
223.0	7.0
224.0	3.0
225.0	3.0
226.0	7.0
227.0	2.0
228.0	5.0
229.0	3.0
230.0	5.0
231.0	6.0
232.0	3.0
233.0	2.0
234.0	3.0
235.0	5.0
236.0	4.0
237.0	3.0
238.0	6.0
239.0	7.0
240.0	3.0
241.0	4.0
242.0	1.0
243.0	2.0
244.0	4.0
245.0	1.0
246.0	5.0
247.0	2.0
248.0	3.0
249.0	2.0
250.0	5.0
251.0	3.0
252.0	3.0
253.0	3.0
254.0	2.0
255.0	2.0
256.0	4.0
257.0	2.0
258.0	1.0
259.0	1.0
260.0	3.0
261.0	1.0
262.0	5.0
263.0	3.0
264.0	4.0
265.0	2.0
266.0	2.0
267.0	4.0
268.0	1.0
269.0	3.0
270.0	6.0
271.0	5.0
272.0	3.0
273.0	4.0
274.0	1.0
275.0	3.0
276.0	9.0
277.0	4.0
278.0	5.0
279.0	8.0
280.0	5.0
282.0	2.0
283.0	2.0
284.0	1.0
285.0	2.0
286.0	3.0
287.0	3.0
288.0	1.0
289.0	6.0
290.0	1.0
291.0	2.0
292.0	4.0
293.0	2.0
294.0	3.0
295.0	6.0
296.0	2.0
297.0	3.0
298.0	3.0
299.0	2.0
300.0	7.0
301.0	3.0
302.0	3.0
303.0	2.0
304.0	3.0
305.0	2.0
306.0	2.0
307.0	6.0
308.0	5.0
309.0	4.0
310.0	3.0
311.0	4.0
312.0	4.0
313.0	4.0
314.0	3.0
315.0	5.0
316.0	2.0
317.0	2.0
318.0	2.0
319.0	4.0
320.0	5.0
321.0	3.0
322.0	5.0
323.0	3.0
324.0	3.0
325.0	6.0
326.0	5.0
327.0	4.0
328.0	2.0
329.0	4.0
330.0	5.0
331.0	3.0
332.0	5.0
333.0	2.0
335.0	3.0
336.0	4.0
338.0	4.0
339.0	2.0
340.0	1.0
341.0	4.0
342.0	2.0
343.0	2.0
345.0	6.0
346.0	4.0
347.0	3.0
348.0	4.0
349.0	3.0
350.0	3.0
351.0	3.0
352.0	2.0
353.0	4.0
355.0	1.0
356.0	2.0
357.0	3.0
358.0	1.0
359.0	6.0
360.0	2.0
361.0	4.0
362.0	4.0
363.0	3.0
364.0	3.0
365.0	3.0
366.0	6.0
367.0	2.0
368.0	3.0
369.0	3.0
370.0	4.0
372.0	1.0
373.0	4.0
374.0	1.0
375.0	5.0
376.0	5.0
377.0	1.0
378.0	6.0
379.0	3.0
380.0	3.0
381.0	5.0
382.0	3.0
383.0	8.0
384.0	3.0
385.0	5.0
386.0	3.0
387.0	7.0
388.0	5.0
389.0	5.0
390.0	1.0
391.0	3.0
392.0	1.0
393.0	7.0
394.0	4.0
395.0	4.0
396.0	5.0
397.0	2.0
399.0	3.0
400.0	1.0
401.0	6.0
402.0	2.0
403.0	3.0
404.0	2.0
405.0	4.0
406.0	1.0
407.0	6.0
408.0	2.0
409.0	3.0
411.0	4.0
412.0	3.0
413.0	6.0
414.0	2.0
415.0	1.0
416.0	1.0
417.0	3.0
418.0	3.0
419.0	1.0
420.0	5.0
421.0	5.0
422.0	1.0
424.0	2.0
425.0	4.0
427.0	2.0
428.0	3.0
429.0	1.0
430.0	4.0
431.0	1.0
432.0	5.0
433.0	1.0
434.0	3.0
435.0	1.0
436.0	3.0
437.0	4.0
438.0	2.0
439.0	3.0
440.0	1.0
441.0	2.0
442.0	3.0
443.0	2.0
445.0	2.0
446.0	1.0
447.0	4.0
448.0	2.0
449.0	3.0
450.0	3.0
451.0	3.0
452.0	5.0
453.0	4.0
454.0	4.0
455.0	3.0
456.0	5.0
458.0	4.0
459.0	2.0
460.0	3.0
461.0	1.0
462.0	3.0
463.0	2.0
465.0	3.0
466.0	2.0
467.0	1.0
468.0	2.0
469.0	1.0
470.0	4.0
471.0	5.0
472.0	2.0
473.0	2.0
474.0	1.0
475.0	2.0
476.0	1.0
477.0	2.0
478.0	2.0
479.0	1.0
481.0	4.0
482.0	1.0
483.0	1.0
484.0	1.0
485.0	3.0
486.0	5.0
487.0	1.0
488.0	3.0
489.0	1.0
490.0	3.0
491.0	1.0
492.0	5.0
493.0	3.0
494.0	6.0
495.0	2.0
497.0	2.0
498.0	1.0
500.0	3.0
501.0	1.0
502.0	5.0
504.0	4.0
505.0	4.0
506.0	3.0
507.0	1.0
508.0	1.0
509.0	3.0
510.0	3.0
511.0	1.0
512.0	3.0
513.0	2.0
514.0	1.0
515.0	3.0
516.0	4.0
517.0	2.0
518.0	3.0
519.0	2.0
520.0	4.0
521.0	5.0
522.0	1.0
523.0	3.0
524.0	1.0
525.0	3.0
526.0	2.0
528.0	5.0
530.0	3.0
531.0	1.0
532.0	3.0
533.0	1.0
534.0	1.0
535.0	1.0
536.0	1.0
537.0	2.0
538.0	2.0
539.0	2.0
540.0	2.0
541.0	3.0
542.0	6.0
543.0	3.0
545.0	4.0
546.0	2.0
547.0	1.0
548.0	5.0
549.0	4.0
550.0	1.0
551.0	7.0
552.0	2.0
553.0	1.0
554.0	3.0
555.0	2.0
556.0	4.0
558.0	1.0
559.0	1.0
560.0	1.0
561.0	1.0
562.0	2.0
564.0	2.0
566.0	1.0
567.0	1.0
569.0	1.0
570.0	1.0
571.0	1.0
572.0	1.0
573.0	1.0
574.0	3.0
576.0	1.0
578.0	1.0
580.0	1.0
581.0	1.0
582.0	1.0
585.0	2.0
586.0	1.0
587.0	2.0
588.0	1.0
590.0	1.0
591.0	1.0
592.0	5.0
593.0	2.0
595.0	1.0
596.0	1.0
597.0	1.0
600.0	1.0
601.0	1.0
602.0	3.0
603.0	1.0
605.0	1.0
606.0	1.0
607.0	4.0
608.0	1.0
609.0	2.0
610.0	1.0
611.0	1.0
612.0	2.0
614.0	1.0
615.0	1.0
617.0	3.0
620.0	1.0
621.0	3.0
622.0	1.0
623.0	2.0
624.0	1.0
625.0	1.0
630.0	1.0
632.0	1.0
633.0	1.0
634.0	1.0
637.0	5.0
638.0	1.0
639.0	1.0
642.0	3.0
643.0	2.0
644.0	2.0
645.0	1.0
646.0	2.0
648.0	2.0
649.0	1.0
650.0	1.0
651.0	1.0
652.0	2.0
653.0	1.0
654.0	1.0
655.0	1.0
656.0	2.0
658.0	2.0
659.0	3.0
661.0	1.0
664.0	1.0
665.0	1.0
666.0	1.0
667.0	1.0
668.0	2.0
670.0	5.0
672.0	2.0
673.0	2.0
675.0	2.0
677.0	3.0
678.0	3.0
679.0	1.0
680.0	1.0
682.0	2.0
683.0	2.0
684.0	1.0
685.0	1.0
686.0	1.0
687.0	2.0
688.0	1.0
689.0	1.0
690.0	1.0
692.0	1.0
694.0	1.0
695.0	1.0
696.0	1.0
697.0	3.0
698.0	4.0
699.0	4.0
700.0	1.0
701.0	1.0
704.0	2.0
706.0	1.0
707.0	1.0
708.0	3.0
709.0	3.0
711.0	1.0
712.0	5.0
713.0	1.0
714.0	1.0
717.0	3.0
719.0	3.0
721.0	1.0
723.0	1.0
725.0	1.0
727.0	1.0
728.0	1.0
729.0	1.0
730.0	1.0
731.0	2.0
732.0	2.0
733.0	1.0
734.0	1.0
736.0	1.0
739.0	1.0
740.0	1.0
742.0	1.0
743.0	1.0
745.0	2.0
748.0	1.0
750.0	1.0
751.0	2.0
752.0	1.0
753.0	1.0
754.0	1.0
755.0	2.0
756.0	1.0
758.0	1.0
762.0	1.0
765.0	3.0
766.0	1.0
767.0	1.0
768.0	1.0
771.0	2.0
773.0	1.0
774.0	1.0
776.0	3.0
777.0	1.0
779.0	1.0
781.0	4.0
785.0	1.0
787.0	3.0
788.0	1.0
790.0	3.0
793.0	1.0
796.0	2.0
797.0	1.0
799.0	2.0
802.0	1.0
805.0	1.0
807.0	1.0
808.0	1.0
810.0	2.0
812.0	1.0
813.0	3.0
814.0	3.0
815.0	1.0
818.0	1.0
820.0	1.0
821.0	1.0
822.0	1.0
823.0	2.0
827.0	4.0
828.0	1.0
829.0	1.0
830.0	1.0
831.0	1.0
832.0	1.0
833.0	1.0
835.0	1.0
837.0	1.0
838.0	1.0
839.0	1.0
842.0	1.0
844.0	2.0
845.0	2.0
846.0	2.0
847.0	3.0
848.0	2.0
849.0	1.0
850.0	2.0
851.0	1.0
852.0	1.0
853.0	2.0
854.0	1.0
855.0	2.0
856.0	2.0
857.0	2.0
858.0	1.0
862.0	4.0
863.0	3.0
869.0	1.0
871.0	1.0
872.0	2.0
873.0	1.0
877.0	2.0
879.0	2.0
880.0	1.0
882.0	1.0
890.0	1.0
892.0	1.0
893.0	1.0
894.0	1.0
896.0	1.0
898.0	1.0
899.0	2.0
900.0	3.0
901.0	1.0
910.0	1.0
911.0	1.0
913.0	1.0
914.0	1.0
915.0	1.0
916.0	1.0
917.0	2.0
921.0	2.0
924.0	1.0
929.0	1.0
931.0	1.0
933.0	1.0
938.0	2.0
941.0	1.0
942.0	1.0
943.0	2.0
944.0	2.0
945.0	1.0
948.0	1.0
949.0	1.0
953.0	2.0
955.0	1.0
957.0	1.0
959.0	1.0
960.0	1.0
962.0	1.0
965.0	1.0
968.0	1.0
970.0	1.0
971.0	1.0
972.0	2.0
973.0	1.0
975.0	1.0
976.0	1.0
978.0	1.0
979.0	1.0
984.0	2.0
986.0	1.0
987.0	3.0
990.0	1.0
991.0	1.0
992.0	2.0
997.0	1.0
998.0	1.0
1000.0	1.0
1001.0	2.0
1003.0	1.0
1005.0	1.0
1007.0	1.0
1010.0	2.0
1013.0	2.0
1014.0	1.0
1015.0	1.0
1016.0	2.0
1020.0	2.0
1023.0	1.0
1024.0	1.0
1026.0	1.0
1029.0	1.0
1031.0	1.0
1033.0	1.0
1036.0	1.0
1039.0	1.0
1040.0	3.0
1043.0	1.0
1044.0	1.0
1045.0	2.0
1046.0	3.0
1048.0	2.0
1049.0	2.0
1050.0	2.0
1053.0	1.0
1054.0	1.0
1056.0	1.0
1057.0	1.0
1058.0	1.0
1060.0	2.0
1061.0	1.0
1066.0	2.0
1073.0	1.0
1075.0	3.0
1077.0	1.0
1080.0	1.0
1082.0	1.0
1084.0	1.0
1085.0	1.0
1088.0	1.0
1089.0	2.0
1090.0	3.0
1093.0	1.0
1097.0	1.0
1101.0	1.0
1102.0	1.0
1103.0	1.0
1104.0	1.0
1105.0	1.0
1106.0	1.0
1110.0	1.0
1113.0	1.0
1114.0	2.0
1115.0	2.0
1116.0	1.0
1117.0	1.0
1119.0	2.0
1120.0	2.0
1121.0	2.0
1122.0	3.0
1123.0	1.0
1124.0	2.0
1125.0	1.0
1127.0	2.0
1130.0	1.0
1132.0	1.0
1135.0	1.0
1136.0	1.0
1137.0	1.0
1138.0	1.0
1145.0	1.0
1146.0	3.0
1149.0	1.0
1152.0	3.0
1154.0	1.0
1155.0	1.0
1157.0	1.0
1159.0	1.0
1160.0	1.0
1161.0	3.0
1162.0	1.0
1167.0	2.0
1170.0	1.0
1171.0	1.0
1176.0	1.0
1179.0	1.0
1181.0	2.0
1183.0	1.0
1187.0	2.0
1189.0	1.0
1194.0	1.0
1196.0	1.0
1197.0	1.0
1200.0	1.0
1203.0	1.0
1206.0	2.0
1207.0	2.0
1208.0	1.0
1211.0	2.0
1212.0	2.0
1213.0	1.0
1215.0	3.0
1218.0	1.0
1223.0	1.0
1229.0	1.0
1231.0	1.0
1232.0	1.0
1242.0	1.0
1245.0	1.0
1247.0	1.0
1248.0	1.0
1253.0	2.0
1261.0	1.0
1262.0	1.0
1263.0	1.0
1264.0	1.0
1265.0	1.0
1269.0	1.0
1270.0	1.0
1275.0	1.0
1277.0	2.0
1282.0	1.0
1284.0	1.0
1286.0	1.0
1287.0	2.0
1288.0	1.0
1289.0	2.0
1292.0	2.0
1293.0	1.0
1295.0	1.0
1296.0	2.0
1299.0	1.0
1302.0	1.0
1304.0	1.0
1305.0	1.0
1307.0	1.0
1309.0	2.0
1311.0	1.0
1314.0	2.0
1315.0	1.0
1316.0	1.0
1317.0	1.0
1319.0	1.0
1321.0	1.0
1322.0	2.0
1324.0	1.0
1326.0	1.0
1327.0	1.0
1328.0	1.0
1331.0	1.0
1333.0	1.0
1338.0	1.0
1340.0	1.0
1342.0	1.0
1344.0	1.0
1352.0	1.0
1353.0	3.0
1355.0	1.0
1356.0	1.0
1357.0	1.0
1358.0	1.0
1360.0	1.0
1362.0	1.0
1368.0	2.0
1386.0	2.0
1390.0	1.0
1394.0	1.0
1395.0	1.0
1396.0	1.0
1400.0	1.0
1402.0	1.0
1403.0	1.0
1410.0	1.0
1416.0	1.0
1420.0	1.0
1426.0	2.0
1428.0	1.0
1429.0	1.0
1433.0	1.0
1434.0	1.0
1439.0	1.0
1441.0	1.0
1447.0	1.0
1449.0	1.0
1451.0	2.0
1460.0	1.0
1461.0	2.0
1465.0	1.0
1466.0	1.0
1467.0	1.0
1473.0	2.0
1476.0	1.0
1477.0	2.0
1480.0	1.0
1482.0	2.0
1483.0	1.0
1485.0	1.0
1487.0	1.0
1488.0	1.0
1489.0	1.0
1501.0	1.0
1503.0	1.0
1504.0	1.0
1509.0	1.0
1510.0	1.0
1526.0	1.0
1530.0	1.0
1537.0	1.0
1541.0	2.0
1543.0	1.0
1545.0	1.0
1561.0	1.0
1568.0	1.0
1573.0	1.0
1576.0	2.0
1581.0	1.0
1584.0	1.0
1600.0	1.0
1601.0	1.0
1603.0	1.0
1609.0	1.0
1611.0	1.0
1612.0	1.0
1614.0	1.0
1624.0	1.0
1626.0	1.0
1628.0	3.0
1631.0	2.0
1632.0	1.0
1635.0	1.0
1636.0	1.0
1638.0	1.0
1641.0	1.0
1642.0	2.0
1643.0	1.0
1644.0	1.0
1646.0	1.0
1647.0	1.0
1649.0	1.0
1651.0	1.0
1652.0	2.0
1665.0	1.0
1675.0	1.0
1690.0	1.0
1692.0	1.0
1705.0	1.0
1708.0	1.0
1731.0	1.0
1737.0	1.0
1748.0	1.0
1757.0	1.0
1765.0	1.0
1770.0	1.0
1790.0	1.0
1791.0	1.0
1796.0	1.0
1803.0	1.0
1811.0	1.0
1813.0	1.0
1827.0	1.0
1837.0	1.0
1840.0	1.0
1843.0	1.0
1850.0	1.0
1862.0	1.0
1866.0	1.0
1875.0	1.0
1876.0	1.0
1881.0	1.0
1887.0	1.0
1893.0	1.0
1902.0	1.0
1904.0	1.0
1909.0	1.0
1912.0	1.0
1925.0	1.0
1926.0	1.0
1933.0	1.0
1941.0	1.0
1943.0	1.0
1947.0	1.0
1966.0	1.0
1967.0	1.0
1968.0	1.0
1969.0	1.0
1981.0	1.0
1983.0	1.0
1992.0	1.0
1999.0	1.0
2002.0	1.0
2004.0	2.0
2009.0	1.0
2029.0	1.0
2033.0	1.0
2050.0	1.0
2061.0	1.0
2072.0	1.0
2090.0	1.0
2098.0	1.0
2119.0	1.0
2125.0	1.0
2138.0	1.0
2146.0	1.0
2158.0	1.0
2170.0	1.0
2178.0	1.0
2186.0	1.0
2196.0	1.0
2205.0	1.0
2216.0	1.0
2220.0	2.0
2223.0	1.0
2229.0	1.0
2236.0	1.0
2240.0	1.0
